BACKPROP 1 0.988849 0.998363
BFS 1 0.961052 0.918008
BLACKSCHOLES_10M 0.991206 0.951765 0.951765
BODYTRACK 1 0.926787 0.986187
FACESIM 1 0.884429 0.967279
FERRET 1 0.932169 0.975333
HEARTWALL 0.988718 0.946146 0.979104
HOTSPOT 0.977988 0.816215 0.853939
JACOBI 0.966715 0.761915 0.900595
KMEANS 1 0.942935 0.995479
KMEANSNF 0.949737 0.951159 0.951269
LAVAMD 0.952655 0.812653 0.931463
LEUKOCYTE 1 0.901922 0.977203
LUD 0.994887 0.909066 0.984695
NW 0.877769 0.919741 0.921559
SHA 1 0.932642 0.986268
SRAD 0.532695 0.738559 0.713621
STREAM 1 0.556229 0.988375
STREAM_threads 1 0.64729 0.996591
X264_ducks 1 0.948494 0.981605
X264_native 1 0.939997 0.969554
AVERAGE 0.963446 0.874763 0.948965
