BACKPROP 0 4.60735 4.71225
BFS 0 3.56403 3.64825
BLACKSCHOLES_10M 0.0139625 3.8639 3.90044
BODYTRACK 0.0161025 3.58297 3.83183
FACESIM 0.04138 3.50808 3.69004
FERRET 0.016105 3.37521 3.64433
HEARTWALL 0 3.7478 3.92783
HOTSPOT 0.0240075 3.76369 3.82522
JACOBI 0 3.76815 3.81293
KMEANS 0.0502375 3.65119 3.98489
KMEANSNF 0 3.34259 3.62068
LAVAMD 0 4.19723 3.90522
LEUKOCYTE 0 3.35829 3.45782
LUD 0 3.6645 4.01437
NW 0 3.9986 3.93854
SHA 0.0588975 3.53015 3.69131
SRAD 0.150313 3.65031 3.39587
STREAM 0 6.633 4.92069
STREAM_threads 0 3.23624 3.37637
X264_ducks 0.02622 3.92776 4.20212
X264_native 0 3.24473 3.52837
AVERAGE 0.0189155 3.8198 3.85854
