BACKPROP 1 1 1
BFS 1 1 0.907561
BLACKSCHOLES_10M 1 1 1
BODYTRACK 0.792284 1 0.888688
FACESIM 1 1 0.807729
FERRET 0.818296 0.989634 1
HEARTWALL 0.811426 0.99884 0.88761
HOTSPOT 1 1 0.951824
JACOBI 0.754164 0.526429 0.681269
KMEANS 0.871686 1 0.917493
KMEANSNF 1 0.599468 1
LAVAMD 1 1 0.985221
LEUKOCYTE 0.994126 0.842198 0.978331
LUD 0.118453 0.411943 1
NW 1 1 0.993888
SHA 0.80548 1 0.874019
SRAD 0.421885 0.689557 1
STREAM 1 0.797446 1
STREAM_threads 1 0.36149 0.4509
X264_ducks 0.868649 0.997768 1
X264_native 0.883411 1 1
AVERAGE 0.863803 0.86737 0.920216
