BACKPROP 1 0.956524 0.913984 0.920366 0.881132 0.970067
BFS 1 0.954801 1 1 0.8653 0.982187
BLACKSCHOLES_10M 1 0.474957 0.53571 0.48519 0.65107 0.8973
BODYTRACK 1 0.916459 1 0.990549 0.907481 0.976951
FACESIM 1 0.860799 0.939037 0.860796 0.738785 0.961159
FERRET 1 0.868335 1 0.957372 0.848257 0.981071
HEARTWALL 1 0.84276 0.986348 0.882473 0.947378 0.974687
HOTSPOT 1 0.992205 1 1 0.946888 0.981609
JACOBI 1 0.835715 0.708242 0.980187 0.500347 0.915766
KMEANS 1 0.814704 1 0.987169 0.879411 0.981374
KMEANSNF 1 0.526445 0.933538 0.844788 0.893522 0.942747
LAVAMD 1 0.309811 0.2524 0.252416 0.573254 0.81713
LEUKOCYTE 1 1 0.623279 0.623331 0.518867 0.941406
LUD 1 0.08565 1 0.674099 0.898625 0.955719
NW 1 1 1 0.940219 0.856519 0.975957
SHA 1 0.858554 1 1 0.932163 0.982112
SRAD 1 0.795507 0.965574 0.80588 0.700017 0.943574
STREAM 1 0.997873 0.792679 0.886956 0.52895 0.942483
STREAM_threads 1 0.825523 0.584354 1 0.410099 0.905936
X264_ducks 1 0.843477 1 0.928285 0.800613 0.976471
X264_native 1 0.861306 1 0.942914 0.837296 0.977649
AVERAGE 1 0.791495 0.86834 0.85538 0.767427 0.951588
