BACKPROP 1 0.708035 0.972877 1 0.89359 0.998924
BFS 1 0.956572 1 1 0.976422 0.999823
BLACKSCHOLES_10M 1 0.674922 0.982647 0.918965 0.899187 0.899187
BODYTRACK 1 0.595573 0.992169 0.992863 0.907825 0.999761
FACESIM 1 0.799336 0.941483 0.942488 0.844562 0.977853
FERRET 1 0.759297 0.931848 0.932276 0.829645 0.956898
HEARTWALL 1 0.717242 0.947718 0.864901 0.849741 0.97749
HOTSPOT 1 0.912974 0.882856 0.992389 0.847953 0.98147
JACOBI 1 0.986232 0.918112 1 0.849627 0.982372
KMEANS 1 0.766777 0.982262 0.982798 0.898056 0.981429
KMEANSNF 1 0.638539 0.88249 0.971317 0.950527 0.950336
LAVAMD 1 0.848089 1 0.910556 0.811118 0.881121
LEUKOCYTE 1 0.620339 1 1 0.931667 1
LUD 1 0.573997 0.766236 1 0.988251 0.985168
NW 1 0.895047 0.888606 0.825262 0.808555 0.850411
SHA 1 0.863126 0.983529 0.984013 0.914417 0.999756
SRAD 1 0.758362 0.552528 0.587196 0.812113 0.550857
STREAM 1 1 0.452387 0.508651 0.403686 0.512762
STREAM_threads 1 0.945507 0.843354 1 0.75294 0.995425
X264_ducks 1 0.566814 0.942266 0.942828 0.838597 0.98053
X264_native 1 0.555171 0.93352 0.934073 0.838044 0.979276
AVERAGE 1 0.768664 0.89509 0.918599 0.849834 0.925755
