BACKPROP 1 0.805794 0.797779 0.898809 0.893915 0.992708
BFS 1 0.890615 0.911891 0.966436 0.888751 0.969789
BLACKSCHOLES_10M 1 0.413669 0.421585 0.920413 0.913701 0.913701
BODYTRACK 1 0.866317 0.958945 0.994364 0.916412 0.980158
FACESIM 1 0.958344 0.958539 0.958522 0.792856 0.979239
FERRET 1 0.943566 1 0.982191 0.86239 0.996213
HEARTWALL 1 0.621233 0.63764 0.621431 0.924457 0.949416
HOTSPOT 1 0.924543 0.865514 0.924737 0.834027 0.917321
JACOBI 1 0.868651 0.981751 0.981776 0.636748 0.9754
KMEANS 1 0.931141 0.911338 0.949616 0.877511 0.950798
KMEANSNF 1 0.474795 0.59911 0.474771 0.905067 0.927346
LAVAMD 1 0.298881 0.40742 0.784201 0.655772 0.773386
LEUKOCYTE 1 0.956012 0.956164 0.955926 0.707051 1
LUD 1 0.806455 0.833779 0.792479 0.948516 0.900294
NW 1 0.891567 0.879725 0.924061 0.869774 0.923548
SHA 1 0.923875 0.997182 1 0.933148 0.982772
SRAD 1 0.675088 0.744024 0.78329 0.760245 0.717882
STREAM 1 1 1 1 0.575812 0.850907
STREAM_threads 1 0.863426 0.83441 1 0.497825 0.992294
X264_ducks 1 0.964184 0.960188 0.964284 0.879237 0.996332
X264_native 1 0.970231 1 0.970299 0.862062 0.989253
AVERAGE 1 0.811828 0.840809 0.897505 0.815966 0.937084
