BACKPROP 0 1.52812 1.85778 1.14152 1.40972 1.47421
BFS 0 1.47885 1.50816 3.41431 1.00288 1.17682
BLACKSCHOLES_10M 0 2.13811 1.74215 1.26806 1.32321 1.32321
BODYTRACK 0 6.44458 4.55824 4.57049 1.1471 1.27386
FACESIM 0 14.0602 1.25767 1.09678 0.975354 1.16654
FERRET 0 13.205 6.7367 4.5501 1.52273 1.21044
HEARTWALL 0 2.90997 1.23049 1.021 1.01647 1.34577
HOTSPOT 0 1.48698 1.18969 2.0201 1.00928 1.13145
JACOBI 0 14.9878 1.30056 2.41024 0.934809 1.18164
KMEANS 0 11.6028 6.55172 4.55615 1.33453 1.07674
KMEANSNF 0 1.96663 1.2951 1.17705 1.09238 1.20829
LAVAMD 0 6.05654 14.8071 1.11041 1.29623 1.20937
LEUKOCYTE 0 11.7191 1.31799 1.14337 1.17573 2.0898
LUD 0 13.8456 4.06226 1.17538 1.35175 1.29776
NW 0 1.93416 1.24807 1.10252 1.03381 1.16225
SHA 0 2.78094 6.18843 6.19697 1.32661 1.13946
SRAD 0 14.8968 14.0864 8.41855 1.08255 1.6306
STREAM 0 9.63076 19.5335 1.65782 11.2163 1.62975
STREAM_threads 0 8.05652 1.21014 1.31903 0.853863 1.17652
X264_ducks 0 12.4866 3.79007 1.72668 1.04329 1.17284
X264_native 0 12.7979 4.99852 2.68224 1.09676 1.20116
AVERAGE 0 7.90543 4.78432 2.55994 1.63073 1.29898
