BACKPROP 1 1 0.901737 1 1 0.997414
BFS 1 1 1 1 1 0.963058
BLACKSCHOLES_10M 1 0.719445 0.960127 0.722919 1 0.967861
BODYTRACK 1 0.79572 1 0.696824 1 0.990443
FACESIM 1 0.657954 0.833317 0.833289 0.942662 0.988996
FERRET 1 0.749062 0.937587 0.749062 1 0.990413
HEARTWALL 1 0.728173 0.924475 0.72817 1 0.991053
HOTSPOT 1 1 1 1 1 0.984879
JACOBI 1 0.69253 0.46897 0.527219 0.550329 0.932529
KMEANS 1 0.745978 1 0.745979 1 0.993443
KMEANSNF 1 0.417239 0.563665 0.41724 0.633197 0.955119
LAVAMD 1 1 0.797255 0.873981 0.916524 0.887497
LEUKOCYTE 1 0.499471 0.591183 0.591193 0.669187 0.986066
LUD 1 0.106453 0.845652 0.106453 0.960039 0.978709
NW 1 0.86669 1 1 1 0.99387
SHA 1 0.729224 1 0.729206 1 0.988873
SRAD 1 1 0.819136 0.373327 0.897705 0.966398
STREAM 1 1 0.634366 0.907311 0.66941 0.968045
STREAM_threads 1 0.891789 0.345578 0.962363 0.345644 0.879545
X264_ducks 1 0.736695 0.842154 0.736695 0.952302 0.990204
X264_native 1 0.752205 0.916948 0.752205 0.99775 0.991757
AVERAGE 1 0.766125 0.827721 0.735878 0.882607 0.97077
