BACKPROP 1 0.60136 0.947106 1 0.852523 0.998044
BFS 1 0.934026 0.996258 0.988747 0.971676 0.996364
BLACKSCHOLES_10M 1 0.822386 0.951684 0.856722 0.847387 0.847387
BODYTRACK 1 0.599541 1 1 0.952168 0.995192
FACESIM 1 0.76443 0.953482 0.954555 0.8333 0.97952
FERRET 1 0.778887 1 1 0.966833 0.97777
HEARTWALL 1 0.815562 0.929354 0.816365 0.809785 0.988682
HOTSPOT 1 0.972159 0.844522 0.971569 0.807988 0.966489
JACOBI 1 0.954476 0.870093 0.984021 0.795273 0.974402
KMEANS 1 0.603695 1 1 0.975182 0.98695
KMEANSNF 1 0.54271 1 0.936659 0.926789 0.926835
LAVAMD 1 0.558646 0.976595 0.805379 0.685663 0.789774
LEUKOCYTE 1 0.879687 1 1 0.907729 1
LUD 1 0.700245 0.823933 0.989118 0.978054 0.979479
NW 1 0.644892 0.849594 0.759962 0.752404 0.803976
SHA 1 0.601923 1 1 0.955206 0.987646
SRAD 1 0.691734 0.442179 0.484332 0.760269 0.626835
STREAM 1 1 0.343769 0.390798 0.544287 0.781215
STREAM_threads 1 0.900572 0.77102 1 0.671037 0.99306
X264_ducks 1 0.727104 1 1 0.934105 0.989304
X264_native 1 0.794235 1 1 0.956421 0.984356
AVERAGE 1 0.756584 0.890457 0.90182 0.851623 0.932061
