BACKPROP 0 0.325626 0.659926 0.304566 0.380868 0.543576
BFS 0 0.335322 0.322965 0.253489 0.311243 0.318766
BLACKSCHOLES_10M 0 0.373821 0.515975 0.307475 0.354367 0.354367
BODYTRACK 0 1.65904 0.339924 0.287576 0.336591 0.349434
FACESIM 0 0.338483 0.373429 0.287882 0.344298 0.398794
FERRET 0 0.442674 0.329477 0.281049 0.294615 0.357178
HEARTWALL 0 1.12011 0.389274 0.283786 0.32154 0.393011
HOTSPOT 0 0.363805 0.365961 0.270528 0.328136 0.355766
JACOBI 0 0.264848 0.323544 0.321944 0.311318 0.333297
KMEANS 0 0.618009 0.299989 0.256713 0.296767 0.320243
KMEANSNF 0 0.985566 0.328853 0.29421 0.321293 0.352653
LAVAMD 0 0.326277 4.99364 0.326025 0.398608 0.364153
LEUKOCYTE 0 0.714032 0.355962 0.25103 0.308922 0.358541
LUD 0 0.517935 0.320231 0.298474 0.331607 0.383712
NW 0 0.35384 0.380823 0.280026 0.320138 0.353563
SHA 0 0.423092 0.293642 0.247951 0.312952 0.3207
SRAD 0 0.327804 0.313686 0.286991 0.322869 0.331095
STREAM 0 0.299624 0.30829 0.334074 0.365582 0.303657
STREAM_threads 0 0.281153 0.36253 0.34194 0.312221 0.368086
X264_ducks 0 2.87557 0.300673 0.243876 0.275969 0.313152
X264_native 0 3.16684 0.314237 0.256555 0.298355 0.327992
AVERAGE 0 0.767308 0.580621 0.286484 0.326108 0.357226
