BACKPROP 0 2.21133 2.17539 2.07381 1.59932 1.91161
BFS 0 2.24169 8.1423 8.1423 3.61213 3.10423
BLACKSCHOLES_10M 0 3.26634 12.7007 2.47429 2.22552 2.22552
BODYTRACK 0 3.40458 12.0446 2.88575 7.57272 2.22767
FACESIM 0 4.29786 2.26824 2.37078 6.477 2.12484
FERRET 0 5.16642 8.97837 2.36066 9.93748 2.88242
HEARTWALL 0 3.15718 10.4191 2.1071 2.13881 1.76803
HOTSPOT 0 2.3325 10.5811 10.5811 3.35698 2.63949
JACOBI 0 5.2241 3.56173 3.94261 8.44125 1.98381
KMEANS 0 3.25018 11.2693 2.44752 8.72539 2.3149
KMEANSNF 0 2.89163 4.24134 5.38412 3.30206 2.04181
LAVAMD 0 2.5262 2.06165 2.87539 2.23858 2.02961
LEUKOCYTE 0 3.65025 2.28981 2.63361 5.42583 2.16019
LUD 0 33.8456 7.80027 2.26939 4.61355 2.16387
NW 0 2.52155 2.45612 2.05575 3.6082 1.93864
SHA 0 2.94486 14.6473 5.20388 7.33574 2.08405
SRAD 0 3.10172 8.05534 2.04295 12.0239 2.58392
STREAM 0 5.1645 3.3001 2.77103 18.6486 2.70554
STREAM_threads 0 5.9617 5.20117 2.24785 6.85623 1.98662
X264_ducks 0 4.97426 7.03306 2.14269 8.44123 2.39966
X264_native 0 4.33556 7.87846 2.23312 8.29967 2.56062
AVERAGE 0 5.07 7.00502 3.39265 6.42287 2.27795
