BACKPROP 1 0.759113 0.85814 0.974238 0.881515 0.971829
BFS 1 0.80061 1 1 0.859503 0.909149
BLACKSCHOLES_10M 1 0.292433 0.554984 0.502211 0.682551 0.682551
BODYTRACK 1 0.600963 1 0.96907 0.869199 0.995202
FACESIM 1 0.469068 0.859554 0.859325 0.705224 0.93015
FERRET 1 0.584274 1 0.957927 0.800007 0.988858
HEARTWALL 1 0.524629 0.934111 0.884308 0.946709 0.949264
HOTSPOT 1 0.862188 1 1 0.936231 0.985723
JACOBI 1 0.431834 0.708538 0.96275 0.483588 0.946861
KMEANS 1 0.537761 1 0.982439 0.818182 0.995503
KMEANSNF 1 0.346521 0.883804 0.808994 0.872973 0.976291
LAVAMD 1 0.171645 0.239002 0.795691 0.535364 0.775919
LEUKOCYTE 1 0.34682 0.600573 0.628794 0.498199 0.825645
LUD 1 0.085816 0.965529 0.875448 0.298488 0.964032
NW 1 0.63931 0.943374 1 0.838962 0.950775
SHA 1 0.650146 1 1 0.903584 0.982909
SRAD 1 0.303965 0.918307 0.838944 0.648806 0.866784
STREAM 1 0.658675 0.792626 0.998785 0.498877 0.990607
STREAM_threads 1 0.365648 0.584521 0.844343 0.397692 0.9384
X264_ducks 1 0.596151 0.979904 0.927234 0.789043 0.989541
X264_native 1 0.58918 1 0.948925 0.796422 0.98999
AVERAGE 1 0.50556 0.848713 0.893306 0.717196 0.933618
