BACKPROP 0 3.6582 3.70665 5.31348 3.80441 3.08704
BFS 0 3.63758 4.78638 5.5866 5.1906 4.93124
BLACKSCHOLES_10M 0 5.23979 4.41216 6.14729 5.32578 5.32578
BODYTRACK 0 4.50237 4.55588 6.19222 6.36108 4.38508
FACESIM 0 4.28899 3.87711 5.49101 5.09543 3.89918
FERRET 0 5.66447 4.22098 6.20434 7.8375 4.94442
HEARTWALL 0 4.12884 3.50547 4.89473 5.27457 3.66962
HOTSPOT 0 3.64852 5.55822 6.03628 4.89468 4.95989
JACOBI 0 3.88643 3.69555 6.2641 7.21752 3.50988
KMEANS 0 5.3035 4.18997 5.70948 6.14815 4.86922
KMEANSNF 0 9.93077 6.46217 5.59665 5.03481 3.87395
LAVAMD 0 3.91223 3.81674 5.5151 3.72885 3.37009
LEUKOCYTE 0 5.39863 4.04386 5.70258 5.91372 4.30156
LUD 0 73.8456 3.944 73.8456 37.3686 6.90126
NW 0 3.71318 3.86611 4.97033 4.0057 3.64872
SHA 0 4.19583 4.85952 5.67043 5.84018 4.48924
SRAD 0 7.24965 3.65302 7.36905 6.17396 4.53194
STREAM 0 3.73338 3.70912 5.28422 9.26522 2.9317
STREAM_threads 0 13.3134 9.99684 6.07254 12.4177 8.03384
X264_ducks 0 5.87438 3.84749 6.23885 6.15815 4.69634
X264_native 0 5.39222 3.98575 5.82739 6.66463 4.5757
AVERAGE 0 8.59609 4.50919 9.04439 7.60577 4.52075
