BACKPROP 0 3.0427 2.90558 3.51522 3.92694 3.63199
BFS 0 2.88673 4.68837 4.94755 5.3785 3.00082
BLACKSCHOLES_10M 0 3.52836 10.9065 4.03519 3.02647 3.02647
BODYTRACK 0 3.94519 10.6415 4.05774 10.6858 3.63378
FACESIM 0 3.78798 3.0139 4.08368 11.1705 2.87928
FERRET 0 3.51342 3.81921 4.01903 15.5752 3.52919
HEARTWALL 0 2.97046 3.95795 3.27174 4.12079 2.71205
HOTSPOT 0 2.93141 12.0989 12.0989 4.60587 3.19482
JACOBI 0 3.63886 3.49941 5.41033 14.1718 2.81662
KMEANS 0 3.07408 5.09125 3.61939 12.3577 2.98232
KMEANSNF 0 3.13273 3.00144 6.69089 10.8461 2.90033
LAVAMD 0 3.29869 2.91137 3.81604 2.79673 2.86384
LEUKOCYTE 0 3.62954 3.12548 3.71376 12.0946 3.08732
LUD 0 53.8456 3.03255 4.99811 17.3686 3.03655
NW 0 3.1132 2.79102 3.52602 6.36481 2.74301
SHA 0 3.68924 14.9213 5.04252 8.71986 3.44969
SRAD 0 3.23908 2.86316 4.86026 10.1515 2.75088
STREAM 0 3.40981 3.34155 4.24502 23.0129 2.43712
STREAM_threads 0 3.03949 3.38604 8.72836 5.55616 2.78764
X264_ducks 0 3.15315 3.00145 3.85909 14.0539 3.3824
X264_native 0 3.36994 3.44571 3.80847 13.1734 3.38606
AVERAGE 0 5.7257 5.06874 4.87368 9.95991 3.05868
