0 0.987674 3.1381
1 0.921515 3.01929
2 0.981142 3.12638
3 0.97482 3.11503
4 0.933428 3.0407
5 0.939302 3.05124
6 0.983072 3.12984
7 0.956105 3.08143
8 0.960025 3.08847
9 0.96152 3.09115
10 0.979749 3.12387
11 0.953589 3.07691
12 0.976973 3.1189
13 0.972905 3.11159
14 0.932132 3.03836
15 0.939408 3.05145
16 0.919794 3.01618
17 0.958176 3.08515
18 0.965773 3.09879
19 0.95768 3.08426
20 0.908653 2.99616
21 0.941566 3.05532
22 0.975248 3.11579
23 0.980431 3.1251
24 1.02329 3.20198
25 0.93214 3.03838
26 0.984911 3.13314
27 0.992812 3.14732
28 0.955566 3.08047
29 0.994956 3.15116
30 0.955411 3.08019
31 0.972167 3.11027
32 0.982511 3.12884
33 0.983101 3.12989
34 0.949091 3.06884
35 0.966202 3.09955
36 0.945269 3.06196
37 0.967783 3.10239
38 0.971921 3.10983
39 0.98562 3.13441
40 0.958837 3.08633
41 0.998562 3.15763
42 0.93241 3.03886
43 0.969876 3.10615
44 0.930336 3.03514
45 0.961501 3.09113
46 0.944644 3.06084
47 0.979605 3.12361
48 0.95869 3.08607
49 0.957662 3.08422
50 0.938465 3.04974
51 0.967024 3.10104
52 0.948785 3.06829
53 0.939805 3.05215
54 0.955219 3.07985
55 0.939832 3.05221
56 0.96328 3.09431
57 0.986972 3.13684
58 0.929593 3.03381
59 0.987928 3.13856
60 1.01251 3.18265
61 0.952671 3.07527
62 0.937506 3.04802
63 0.944653 3.06086
64 0.964906 3.09723
65 0.955402 3.08017
66 0.983865 3.13126
67 0.96709 3.10115
68 0.974887 3.11515
69 0.96277 3.0934
70 0.967633 3.10212
71 0.985212 3.13369
72 0.955621 3.08057
73 0.94585 3.063
74 0.953552 3.07685
75 1.00848 3.17542
76 0.990266 3.14274
77 0.99056 3.14328
78 0.934527 3.04267
79 0.987918 3.13853
80 0.956425 3.082
81 0.970299 3.10692
82 0.968626 3.10391
83 0.971298 3.1087
84 0.937304 3.04766
85 0.957726 3.08435
86 0.929973 3.03448
87 0.970384 3.10707
88 0.966623 3.10031
89 0.97879 3.12215
90 0.988093 3.13885
91 0.956105 3.08142
92 0.97093 3.10804
93 0.968307 3.10335
94 0.971959 3.1099
95 0.977326 3.11953
96 1.00287 3.16535
97 0.981152 3.12639
98 0.989893 3.14208
99 0.955557 3.08044
100 0.947302 3.06562
101 0.972867 3.11153
102 0.920336 3.01716
103 1.02225 3.2001
104 1.00124 3.16243
105 0.964339 3.09621
106 0.948119 3.06708
107 0.974326 3.11414
108 0.970007 3.10639
109 0.970261 3.10684
110 0.957845 3.08455
111 0.979298 3.12307
112 0.944724 3.06099
113 0.986894 3.13671
114 0.975486 3.11622
115 0.973947 3.11347
116 0.940575 3.05352
117 0.961372 3.09088
118 0.990884 3.14385
119 0.960781 3.08982
120 0.949947 3.07037
121 0.920149 3.01682
122 0.956178 3.08155
123 0.960218 3.08881
124 0.94146 3.05512
125 0.963428 3.09458
126 1.01122 3.18034
127 1.00751 3.17368
128 0.914921 3.00744
129 0.998971 3.15837
130 0.933925 3.04159
131 1.01039 3.17885
132 0.966258 3.09965
133 1.0141 3.1855
134 0.982039 3.12799
135 0.92681 3.02879
136 0.953671 3.07706
137 1.0032 3.16595
138 0.99963 3.15955
139 0.961178 3.09053
140 0.967492 3.10188
141 0.94146 3.05512
142 0.931185 3.03666
143 0.955128 3.07967
144 0.969161 3.10487
145 0.955055 3.07955
146 0.940698 3.05375
147 0.965335 3.098
148 0.979883 3.12412
149 0.981817 3.12759
150 0.934405 3.04245
151 0.96264 3.09316
152 0.941779 3.05569
153 0.917861 3.01271
154 1.00796 3.1745
155 0.943512 3.05881
156 0.98529 3.13382
157 0.974877 3.11513
158 0.938315 3.04948
159 0.975115 3.11556
160 0.995738 3.15257
161 0.956965 3.08298
162 0.985814 3.13476
163 0.945483 3.06235
164 0.967333 3.10159
165 0.944885 3.06127
166 0.94883 3.06836
167 0.927265 3.02962
168 0.934256 3.04219
169 0.946808 3.06474
170 0.960301 3.08896
171 0.953643 3.07701
172 0.982212 3.1283
173 0.956261 3.08171
174 0.963679 3.09502
175 0.956005 3.08124
176 0.975343 3.11597
177 0.961631 3.09136
178 0.955256 3.07992
179 0.973833 3.11325
180 0.974915 3.1152
181 0.985105 3.13349
182 0.969998 3.10637
183 0.980325 3.1249
184 0.997208 3.15521
185 0.958488 3.0857
186 0.938438 3.04969
187 0.992812 3.14733
188 0.997994 3.15661
189 0.966538 3.10017
190 0.970695 3.10763
191 0.971345 3.10878
192 0.955584 3.0805
193 0.968739 3.1041
194 0.983932 3.13139
195 0.979912 3.12417
196 0.982164 3.12821
197 0.951964 3.07399
198 0.994194 3.14979
199 0.992428 3.14662
200 0.955374 3.08013
201 0.950381 3.07116
202 0.950065 3.07058
203 0.982502 3.12881
204 0.971326 3.10876
205 0.978464 3.12157
206 0.947795 3.0665
207 0.993325 3.14824
208 0.947104 3.06527
209 0.977068 3.11907
210 0.996512 3.15395
211 0.95616 3.08153
212 0.972611 3.11106
213 0.984039 3.13157
214 0.990864 3.14382
215 0.955776 3.08083
216 0.946728 3.06459
217 0.979595 3.1236
218 0.954208 3.07802
219 0.977278 3.11944
220 0.951194 3.07261
221 0.973369 3.11242
222 0.968289 3.10331
223 0.978579 3.12177
224 0.963586 3.09486
225 0.96933 3.10518
226 0.988543 3.13966
227 0.95926 3.0871
228 0.948587 3.06792
229 0.965932 3.09908
230 0.948254 3.06733
231 0.929705 3.034
232 0.963104 3.09399
233 0.953189 3.07619
234 0.997725 3.15613
235 0.999061 3.15852
236 0.997994 3.15661
237 0.969283 3.10509
238 0.960818 3.08989
239 0.975686 3.11657
240 0.977278 3.11945
241 0.986485 3.13596
242 0.959444 3.08742
243 0.946593 3.06435
244 0.976105 3.11734
245 0.947724 3.06637
246 0.963753 3.09516
247 0.955283 3.07995
248 0.952118 3.07427
249 0.958617 3.08594
250 0.947553 3.06607
251 0.942463 3.05693
252 0.966016 3.09923
253 0.954262 3.07812
254 0.940601 3.05358
255 0.977584 3.12
256 0.958957 3.08654
257 0.973587 3.11281
258 0.915935 3.00926
259 0.944162 3.05999
260 0.966109 3.09939
261 0.936268 3.04579
262 0.956133 3.08147
263 0.9945 3.15035
264 0.967417 3.10174
265 0.947302 3.06562
266 0.976238 3.11758
267 0.948227 3.06728
268 0.960716 3.08972
269 0.939638 3.05185
270 0.973321 3.11234
271 1.00138 3.16268
272 0.927111 3.02935
273 0.964785 3.097
274 0.959058 3.08674
275 0.936812 3.04678
276 0.960513 3.08935
277 0.965447 3.09819
278 0.93668 3.04654
279 0.988279 3.13918
280 0.946808 3.06474
281 0.984029 3.13155
282 0.957084 3.08319
283 0.965242 3.09783
284 0.96419 3.09595
285 0.952689 3.0753
286 0.977775 3.12034
287 0.9638 3.09524
288 0.937462 3.04794
289 0.974649 3.11472
290 0.936049 3.0454
291 0.979077 3.12267
292 0.957011 3.08305
293 0.977546 3.11993
294 0.966361 3.09984
295 0.926269 3.02783
296 0.985435 3.13408
297 0.98227 3.12839
298 0.97143 3.10894
299 1.00214 3.16404
300 0.936435 3.0461
301 0.927936 3.03083
302 0.942863 3.05764
303 0.982058 3.12802
304 0.967127 3.10122
305 0.982511 3.12884
306 0.984707 3.13276
307 0.973151 3.11203
308 0.943316 3.05846
309 1.00238 3.16448
310 0.982357 3.12856
311 0.955612 3.08054
312 1.00913 3.17659
313 0.980008 3.12435
314 1.00619 3.17132
315 0.968307 3.10333
316 0.974213 3.11393
317 0.971553 3.10916
318 0.990599 3.14334
319 0.979701 3.12379
320 0.950047 3.07053
321 0.997705 3.15609
322 0.98227 3.12839
323 0.978809 3.12218
324 0.945743 3.06281
325 0.99007 3.14239
326 0.975753 3.1167
327 0.975324 3.11594
328 0.955657 3.08063
329 0.983613 3.13081
330 0.969481 3.10544
331 0.962594 3.09309
332 0.959343 3.08724
333 0.957295 3.08357
334 0.971506 3.10908
335 0.962399 3.09273
336 0.943085 3.05805
337 0.955119 3.07965
338 0.933593 3.04099
339 0.978387 3.12143
340 0.952136 3.0743
341 0.976706 3.11841
342 0.972309 3.11053
343 0.958552 3.08583
344 0.956636 3.08239
345 0.982675 3.12911
346 0.957158 3.08332
347 0.968157 3.10307
348 1.00567 3.17038
349 0.975772 3.11674
350 0.975201 3.11572
351 0.976849 3.11866
352 0.962909 3.09365
353 0.98432 3.13208
354 0.975543 3.11632
355 0.932053 3.03822
356 1.00958 3.1774
357 0.956471 3.08208
358 0.995104 3.15143
359 0.945323 3.06207
360 1.01166 3.18113
361 0.951402 3.07298
362 0.961622 3.09133
363 0.953625 3.07698
364 0.977498 3.11984
365 0.985474 3.13415
366 0.992251 3.14631
367 0.973454 3.11257
368 0.998044 3.1567
369 0.986456 3.13592
370 0.970704 3.10765
371 0.932566 3.03915
372 0.919989 3.01654
373 0.961548 3.0912
374 0.966529 3.10014
375 0.944376 3.06036
376 0.950914 3.0721
377 0.975638 3.1165
378 0.958598 3.08591
379 0.990658 3.14346
380 0.979825 3.12402
381 0.95378 3.07725
382 0.9588 3.08626
383 0.974032 3.11361
384 0.947759 3.06643
385 0.97317 3.11206
386 0.936873 3.04688
387 0.97012 3.10659
388 0.960772 3.0898
389 0.961705 3.09148
390 0.955292 3.07998
391 0.932636 3.03927
392 0.989374 3.14115
393 0.953998 3.07765
394 0.980373 3.125
395 0.973217 3.11215
396 0.932375 3.03879
397 0.982531 3.12886
398 0.930189 3.03488
399 0.949397 3.06938
400 0.962464 3.09285
401 0.934981 3.04349
402 0.990021 3.14231
403 0.987928 3.13855
404 0.949523 3.0696
405 0.9634 3.09452
406 0.932305 3.03867
407 0.961233 3.09065
408 0.973587 3.11282
409 0.926767 3.02873
410 0.96581 3.09885
411 0.93135 3.03696
412 0.94723 3.0655
413 0.972394 3.11067
414 0.997934 3.15649
415 1.02806 3.21053
416 0.976505 3.11806
417 0.966632 3.10032
418 0.942676 3.05731
419 0.936444 3.04611
420 0.953707 3.07712
421 0.988826 3.14016
422 0.943619 3.059
423 0.99107 3.14419
424 0.928445 3.03174
425 0.969133 3.10481
426 0.996155 3.15331
427 0.952971 3.07579
428 0.944733 3.061
429 0.944189 3.06002
430 0.97601 3.11717
431 0.972555 3.11097
432 0.965251 3.09786
433 0.951212 3.07264
434 0.984775 3.13289
435 1.03213 3.21783
436 0.977919 3.12059
437 0.97317 3.11206
438 0.983381 3.13039
439 0.956746 3.08258
440 0.997437 3.15562
441 0.969199 3.10494
442 0.980421 3.12507
443 0.951285 3.07278
444 1.00738 3.17345
445 0.988963 3.14041
446 0.92489 3.02535
447 1.04046 3.23277
448 0.944599 3.06076
449 0.936005 3.04532
450 0.928919 3.03259
451 0.963633 3.09494
452 0.958341 3.08544
453 0.944519 3.06063
454 0.987791 3.13831
455 0.981393 3.12682
456 0.953262 3.07632
457 0.936961 3.04704
458 0.952916 3.0757
459 0.929152 3.03301
460 0.995461 3.15207
461 0.957726 3.08435
462 0.976686 3.11839
463 0.973805 3.11321
464 0.978981 3.12249
465 0.963865 3.09536
466 0.944171 3.05999
467 1.0072 3.17313
468 0.967455 3.10181
469 0.976629 3.11827
470 0.981508 3.12703
471 1.00551 3.17009
472 0.976067 3.11726
473 0.946136 3.06353
474 0.96459 3.09666
475 0.954909 3.07928
476 0.962223 3.09242
477 0.960882 3.09001
478 0.94937 3.06933
479 0.962038 3.09209
480 0.960772 3.0898
481 0.947948 3.06677
482 0.940813 3.05397
483 0.924343 3.02436
484 0.995332 3.15183
485 0.954909 3.07929
486 0.978493 3.12163
487 0.951602 3.07333
488 0.92687 3.02892
489 0.969876 3.10615
490 0.972479 3.11083
491 0.950688 3.0717
492 1.00578 3.17057
493 0.96226 3.09248
494 0.974925 3.11521
495 0.964432 3.09637
496 0.965503 3.09831
497 0.968898 3.1044
498 0.966566 3.10021
499 0.942951 3.0578
500 0.664589 2.02776
501 0.62007 1.94939
502 0.660192 2.02004
503 0.65594 2.01256
504 0.628089 1.96354
505 0.632043 1.9705
506 0.661489 2.02231
507 0.643343 1.9904
508 0.645986 1.99505
509 0.646994 1.99683
510 0.659257 2.01839
511 0.641655 1.98743
512 0.657389 2.0151
513 0.654652 2.01029
514 0.627219 1.962
515 0.632111 1.97062
516 0.618915 1.94736
517 0.644741 1.99286
518 0.649853 2.00185
519 0.644405 1.99226
520 0.611419 1.93413
521 0.633561 1.97317
522 0.656228 2.01306
523 0.659718 2.0192
524 0.688558 2.06984
525 0.627223 1.96201
526 0.66273 2.02449
527 0.668047 2.03384
528 0.642983 1.98976
529 0.669487 2.03637
530 0.642876 1.98958
531 0.654151 2.00941
532 0.661113 2.02165
533 0.661516 2.02236
534 0.638623 1.98209
535 0.65014 2.00236
536 0.636055 1.97757
537 0.651203 2.00423
538 0.653988 2.00913
539 0.663205 2.02532
540 0.645186 1.99364
541 0.671912 2.04062
542 0.627404 1.96232
543 0.652614 2.00671
544 0.626006 1.95986
545 0.646973 1.99679
546 0.635635 1.97682
547 0.659161 2.01822
548 0.645086 1.99347
549 0.644396 1.99225
550 0.631481 1.96951
551 0.650694 2.00333
552 0.638419 1.98173
553 0.632383 1.9711
554 0.642748 1.98935
555 0.632395 1.97112
556 0.648172 1.99889
557 0.664116 2.02693
558 0.625504 1.95897
559 0.664757 2.02805
560 0.681301 2.05711
561 0.641034 1.98633
562 0.630835 1.96837
563 0.635639 1.97683
564 0.649271 2.00083
565 0.642872 1.98956
566 0.662024 2.02325
567 0.650737 2.00341
568 0.655983 2.01263
569 0.647832 1.9983
570 0.651105 2.00406
571 0.662928 2.02484
572 0.643021 1.98983
573 0.636448 1.97826
574 0.64163 1.98739
575 0.678587 2.05234
576 0.666333 2.03082
577 0.666529 2.03117
578 0.628828 1.96483
579 0.664752 2.02804
580 0.643563 1.99078
581 0.652895 2.0072
582 0.651776 2.00524
583 0.653569 2.00838
584 0.630692 1.96811
585 0.644434 1.99232
586 0.625767 1.95944
587 0.65295 2.0073
588 0.650423 2.00285
589 0.658614 2.01726
590 0.664867 2.02825
591 0.643347 1.99041
592 0.653321 2.00795
593 0.651555 2.00485
594 0.654014 2.00917
595 0.657622 2.01552
596 0.674809 2.04571
597 0.660201 2.02005
598 0.666081 2.03038
599 0.642979 1.98976
600 0.637426 1.97998
601 0.654622 2.01024
602 0.619279 1.948
603 0.687853 2.0686
604 0.673718 2.04379
605 0.648891 2.00016
606 0.637975 1.98094
607 0.655609 2.01197
608 0.652699 2.00686
609 0.652874 2.00716
610 0.644521 1.99248
611 0.658953 2.01786
612 0.635687 1.97692
613 0.664064 2.02684
614 0.656388 2.01334
615 0.655351 2.01152
616 0.632899 1.97201
617 0.646893 1.99665
618 0.666751 2.03156
619 0.646496 1.99595
620 0.639202 1.98311
621 0.619157 1.94778
622 0.643397 1.99049
623 0.646116 1.99528
624 0.633493 1.97305
625 0.648273 1.99907
626 0.680434 2.05558
627 0.677939 2.05121
628 0.615635 1.94157
629 0.672188 2.0411
630 0.628421 1.96412
631 0.679874 2.0546
632 0.650182 2.00243
633 0.68237 2.05898
634 0.660794 2.02109
635 0.623636 1.95568
636 0.641708 1.98752
637 0.675037 2.04612
638 0.672635 2.0419
639 0.646759 1.9964
640 0.651008 2.00389
641 0.633493 1.97305
642 0.626578 1.96087
643 0.64269 1.98925
644 0.652133 2.00586
645 0.64264 1.98916
646 0.632984 1.97215
647 0.649557 2.00134
648 0.659344 2.01854
649 0.660646 2.02083
650 0.628745 1.96469
651 0.647744 1.99814
652 0.63371 1.97344
653 0.617612 1.94506
654 0.678242 2.05174
655 0.634872 1.97548
656 0.662985 2.02494
657 0.655979 2.01263
658 0.631377 1.96933
659 0.656134 2.0129
660 0.670012 2.03729
661 0.643923 1.99142
662 0.663337 2.02556
663 0.636201 1.97782
664 0.650902 2.0037
665 0.635797 1.97711
666 0.638451 1.98179
667 0.623939 1.95622
668 0.628646 1.96451
669 0.637089 1.97939
670 0.64617 1.99537
671 0.641688 1.98748
672 0.660917 2.02131
673 0.643451 1.99058
674 0.648445 1.99938
675 0.643281 1.99029
676 0.656293 2.01318
677 0.647065 1.99695
678 0.642773 1.98939
679 0.655278 2.01139
680 0.656004 2.01268
681 0.662857 2.02472
682 0.652695 2.00685
683 0.659648 2.01908
684 0.671001 2.03902
685 0.644949 1.99323
686 0.631461 1.96947
687 0.668043 2.03383
688 0.671533 2.03996
689 0.650364 2.00275
690 0.653164 2.00768
691 0.653603 2.00845
692 0.642996 1.98978
693 0.651852 2.00537
694 0.662068 2.02333
695 0.659365 2.01857
696 0.660882 2.02125
697 0.640566 1.98551
698 0.668977 2.03547
699 0.667789 2.03338
700 0.642851 1.98953
701 0.639492 1.98362
702 0.63928 1.98324
703 0.661109 2.02165
704 0.65359 2.00843
705 0.658389 2.01686
706 0.637755 1.98056
707 0.668391 2.03444
708 0.637288 1.97973
709 0.657454 2.01522
710 0.670538 2.03821
711 0.643381 1.99046
712 0.65445 2.00994
713 0.662146 2.02347
714 0.666738 2.03153
715 0.643128 1.99001
716 0.637036 1.9793
717 0.659152 2.01821
718 0.642071 1.98816
719 0.657596 2.01547
720 0.640045 1.98459
721 0.654965 2.01084
722 0.651542 2.00482
723 0.658471 2.01701
724 0.648378 1.99926
725 0.652243 2.00605
726 0.665172 2.02879
727 0.645469 1.99414
728 0.638288 1.9815
729 0.649958 2.00204
730 0.63806 1.98109
731 0.625583 1.95911
732 0.648059 1.9987
733 0.641383 1.98694
734 0.671353 2.03965
735 0.672251 2.04122
736 0.671533 2.03996
737 0.652214 2.00601
738 0.646517 1.99598
739 0.656521 2.01358
740 0.657592 2.01546
741 0.66379 2.02636
742 0.645594 1.99436
743 0.636947 1.97914
744 0.656802 2.01407
745 0.63771 1.98048
746 0.648496 1.99946
747 0.642797 1.98944
748 0.64066 1.98567
749 0.645036 1.99337
750 0.637592 1.98027
751 0.634168 1.97424
752 0.650013 2.00213
753 0.642104 1.98822
754 0.632911 1.97203
755 0.6578 2.01583
756 0.64527 1.99379
757 0.655111 2.0111
758 0.616318 1.94277
759 0.635308 1.97625
760 0.650081 2.00226
761 0.630001 1.9669
762 0.643368 1.99044
763 0.669178 2.03582
764 0.650957 2.00379
765 0.637426 1.97998
766 0.656892 2.01423
767 0.638044 1.98107
768 0.646446 1.99586
769 0.632267 1.9709
770 0.65493 2.01078
771 0.673809 2.04395
772 0.623834 1.95603
773 0.64919 2.00069
774 0.645332 1.99389
775 0.630366 1.96755
776 0.646312 1.99563
777 0.649638 2.00148
778 0.630279 1.96739
779 0.665 2.02848
780 0.637089 1.97939
781 0.662138 2.02345
782 0.644002 1.99156
783 0.649494 2.00122
784 0.64879 1.99998
785 0.64105 1.98637
786 0.657925 2.01605
787 0.648525 1.99952
788 0.630803 1.96832
789 0.655824 2.01235
790 0.62985 1.96663
791 0.658801 2.01758
792 0.643956 1.99147
793 0.657774 2.01579
794 0.650246 2.00255
795 0.62327 1.95503
796 0.663086 2.02512
797 0.660956 2.02138
798 0.653659 2.00855
799 0.674322 2.04486
800 0.630108 1.96709
801 0.624391 1.95701
802 0.634437 1.97472
803 0.660808 2.02112
804 0.650766 2.00346
805 0.661113 2.02165
806 0.662594 2.02425
807 0.654819 2.01059
808 0.634739 1.97524
809 0.674486 2.04514
810 0.661013 2.02147
811 0.643017 1.98983
812 0.679025 2.05311
813 0.659431 2.0187
814 0.677048 2.04964
815 0.651559 2.00486
816 0.655531 2.01184
817 0.65374 2.00869
818 0.66656 2.03122
819 0.659222 2.01832
820 0.639272 1.98323
821 0.671339 2.03962
822 0.660952 2.02137
823 0.658623 2.01728
824 0.636375 1.97812
825 0.6662 2.03059
826 0.656569 2.01366
827 0.656276 2.01315
828 0.643045 1.98987
829 0.661857 2.02296
830 0.65235 2.00624
831 0.647715 1.99809
832 0.645528 1.99424
833 0.644143 1.9918
834 0.65371 2.00864
835 0.647585 1.99786
836 0.634586 1.97498
837 0.642682 1.98923
838 0.628204 1.96374
839 0.658341 2.01678
840 0.640677 1.9857
841 0.657212 2.0148
842 0.654249 2.00959
843 0.644991 1.9933
844 0.643704 1.99103
845 0.661227 2.02185
846 0.644056 1.99165
847 0.651453 2.00467
848 0.676695 2.04902
849 0.656577 2.01368
850 0.656198 2.01301
851 0.657307 2.01496
852 0.64792 1.99845
853 0.662331 2.02379
854 0.656426 2.01341
855 0.627164 1.9619
856 0.679329 2.05364
857 0.643592 1.99084
858 0.669586 2.03654
859 0.636088 1.97762
860 0.680731 2.05611
861 0.640184 1.98483
862 0.647057 1.99693
863 0.641676 1.98746
864 0.657739 2.01572
865 0.663108 2.02516
866 0.667668 2.03318
867 0.65502 2.01094
868 0.671565 2.04002
869 0.663764 2.02631
870 0.653168 2.00768
871 0.627506 1.9625
872 0.619046 1.94758
873 0.647006 1.99685
874 0.650364 2.00275
875 0.635457 1.97652
876 0.639853 1.98425
877 0.656491 2.01353
878 0.645024 1.99335
879 0.666596 2.03129
880 0.659304 2.01847
881 0.641787 1.98766
882 0.645161 1.99359
883 0.655411 2.01162
884 0.637735 1.98053
885 0.654832 2.01062
886 0.630406 1.96762
887 0.65278 2.00701
888 0.646488 1.99593
889 0.647115 1.99703
890 0.642797 1.98944
891 0.627553 1.96258
892 0.665735 2.02978
893 0.641927 1.98791
894 0.659674 2.01912
895 0.654862 2.01066
896 0.62738 1.96228
897 0.661131 2.02168
898 0.625908 1.95969
899 0.638831 1.98245
900 0.647626 1.99794
901 0.629133 1.96537
902 0.666165 2.03053
903 0.664761 2.02806
904 0.63892 1.98261
905 0.64826 1.99905
906 0.627333 1.9622
907 0.646797 1.99648
908 0.655106 2.01109
909 0.623605 1.95563
910 0.649878 2.0019
911 0.626688 1.96106
912 0.637373 1.97989
913 0.654305 2.00968
914 0.671497 2.03989
915 0.691764 2.07546
916 0.657073 2.01455
917 0.650432 2.00287
918 0.634313 1.9745
919 0.630116 1.9671
920 0.641733 1.98756
921 0.665367 2.02912
922 0.634945 1.97561
923 0.666876 2.03178
924 0.624734 1.95762
925 0.652116 2.00584
926 0.670295 2.03778
927 0.641239 1.98669
928 0.635696 1.97693
929 0.635332 1.9763
930 0.656741 2.01396
931 0.654412 2.00987
932 0.649498 2.00123
933 0.640057 1.98461
934 0.662642 2.02434
935 0.694502 2.08027
936 0.658025 2.01622
937 0.654827 2.0106
938 0.6617 2.02268
939 0.643778 1.99117
940 0.671154 2.03929
941 0.652158 2.00591
942 0.659713 2.0192
943 0.640102 1.98469
944 0.677851 2.05105
945 0.66546 2.02929
946 0.622339 1.95339
947 0.700109 2.09009
948 0.635603 1.97677
949 0.629822 1.96659
950 0.625055 1.95818
951 0.648412 1.99932
952 0.644853 1.99305
953 0.63555 1.97668
954 0.664668 2.0279
955 0.660367 2.02034
956 0.641437 1.98704
957 0.630469 1.96772
958 0.641202 1.98663
959 0.625207 1.95845
960 0.669828 2.03697
961 0.644434 1.99232
962 0.657194 2.01476
963 0.655256 2.01136
964 0.658744 2.01749
965 0.648567 1.99959
966 0.63532 1.97627
967 0.677727 2.05083
968 0.650982 2.00384
969 0.65716 2.0147
970 0.660441 2.02047
971 0.67659 2.04884
972 0.65678 2.01403
973 0.636639 1.9786
974 0.649056 2.00045
975 0.642541 1.98898
976 0.647463 1.99765
977 0.646563 1.99607
978 0.638818 1.98243
979 0.647337 1.99743
980 0.646488 1.99593
981 0.637861 1.98075
982 0.633056 1.97228
983 0.621976 1.95275
984 0.669743 2.03681
985 0.642537 1.98898
986 0.65841 2.01691
987 0.64032 1.98508
988 0.623671 1.95574
989 0.652609 2.0067
990 0.654365 2.00979
991 0.639701 1.98398
992 0.676773 2.04916
993 0.647488 1.99769
994 0.656013 2.01268
995 0.64895 2.00027
996 0.649667 2.00153
997 0.651954 2.00555
998 0.650385 2.00279
999 0.634498 1.97482
