cores freq perf power
240 2000000 0.999772490349106 0.999667595922692
240 1900000 0.718409154425356 0.612519060770879
240 1800000 0.627152578026617 0.470441280581603
240 1700000 0.549886147272614 0.405341351677876
240 1600000 0.526890438688288 0.350826951679169
240 1500000 0.495879752384743 0.31078459643991
240 1400000 0.474139043804473 0.273358864360318
240 1300000 0.454408021995051 0.255761878185497
240 1200000 0.44029846908962 0.224687202296349
240 1100000 0.415344642408476 0.200803166638176
240 1000000 0.397405096346491 0.181279351480189
240 900000 0.369742480828741 0.162094848562774
240 800000 0.332237656121426 0.1453351678898
240 700000 0.491755337462942 0.179042939007852
240 600000 0.244906805093114 0.122076356517172
240 500000 0.208459136555752 0.1062580901537
240 400000 0.176824638499539 0.0925267016538115
240 300000 0.130795816828285 0.0771843459608611
240 200000 0.0997694211695367 0.062406989888801
112 2000000 0.537435010914286 0.606895595309991
112 1900000 0.510888682023047 0.460463340943429
112 1800000 0.413111069573667 0.425883345129931
112 1700000 0.433424814596535 0.363833489776201
112 1600000 0.435289901233895 0.315421666334696
112 1500000 0.447084998633833 0.279831584711524
112 1400000 0.450090157248245 0.250974703292432
112 1300000 0.719959452028249 0.312469625333792
112 1200000 0.403822312923143 0.203211012652723
112 1100000 0.362285544275127 0.182586092764642
112 1000000 0.32612452215852 0.164559375249389
112 900000 0.301751365267752 0.143487421703939
112 800000 0.264362820069204 0.131306156469851
112 700000 0.246861979432799 0.118860090447293
112 600000 0.223823163869141 0.10569330426118
112 500000 0.182545222215401 0.0937959511289888
112 400000 0.164434456528816 0.0828603957191695
112 300000 0.121777199356835 0.0688998268668261
112 200000 0.0821087392221434 0.0564707055395627
48 2000000 0.468293751007964 0.455071897919969
48 1900000 0.727971442003645 0.518391333638022
48 1800000 0.41827821373013 0.325697114976265
48 1700000 0.416517549750729 0.32039489429366
48 1600000 0.400868883423403 0.284353602622601
48 1500000 0.35131698140469 0.249118401201464
48 1400000 0.349221251576411 0.223132930135938
48 1300000 0.331461326753612 0.205339671265835
48 1200000 0.308605323541432 0.176849128307273
48 1100000 0.293469510757144 0.158939315899148
48 1000000 0.288687008833424 0.138109225135299
48 900000 0.251899466148862 0.119942649248281
48 800000 0.231461132658152 0.110804176935444
48 700000 0.206632874913829 0.102467421902394
48 600000 0.329851903320076 0.122000436681479
48 500000 0.154936876460087 0.0792141295893873
48 400000 0.122314925181498 0.0714626619286952
48 300000 0.0933691481918179 0.0611898822231762
48 200000 0.0593273829539993 0.0478566194679984
16 2000000 0.344117348715363 0.338213069778373
16 1900000 0.330346121986963 0.271185288458434
16 1800000 0.312622391440938 0.242837103726457
16 1700000 0.305586720721969 0.210790380432538
16 1600000 0.287380020890554 0.188107643777979
16 1500000 0.271955735912806 0.171574007289874
16 1400000 0.256984188019494 0.157446241526204
16 1300000 0.238500725452284 0.141439941627512
16 1200000 0.446154659247287 0.18788356062898
16 1100000 0.214225676806914 0.115143192296957
16 1000000 0.198666024423015 0.10629033588676
16 900000 0.179090760566498 0.0954604438165964
16 800000 0.159930846910038 0.0869175584328221
16 700000 0.142260589066892 0.0809032673962924
16 600000 0.122335977924312 0.076286859796973
16 500000 0.106765047583066 0.0692288715686
16 400000 0.0841265649202147 0.0631974763283629
16 300000 0.0617053854586693 0.0496985126295041
16 200000 0.0427409050164036 0.0511468676937001
15 1400000 0.300241484666311 0.111795227521186
15 1300000 0.261544631813789 0.102845430701099
15 1200000 0.407625683190957 0.114258775935726
15 1100000 0.208911681489609 0.0894701561579154
15 1000000 0.2034714868566 0.0816091601642988
15 900000 0.194414331049572 0.0748645511127051
15 800000 0.190221719962486 0.068405090143605
15 700000 0.172127089124854 0.0641329623608076
15 600000 0.15073272727765 0.0592646284531099
15 500000 0.130234899625095 0.056429565585478
15 400000 0.108974855055532 0.0530225687340177
15 300000 0.0871164258393512 0.0502886202242487
15 200000 0.0603109700818306 0.045492682375461
7 1400000 0.253842349787575 0.0973286335294196
7 1300000 0.244567962329431 0.0890571032358664
7 1200000 0.361114785923125 0.106331929013734
7 1100000 0.222617875184934 0.07684169293988
7 1000000 0.206449847180841 0.0720244448354371
7 900000 0.190171164386257 0.0673858901523733
7 800000 0.166987802817779 0.0626462278979942
7 700000 0.152239640115576 0.0584474044462503
7 600000 0.133441348432581 0.0554006130703435
7 500000 0.118414738084807 0.0529880725624033
7 400000 0.0956567132186323 0.0502486006919109
7 300000 0.074444400368605 0.0474102934639356
7 200000 0.0504790557434882 0.0444925057524339
3 1400000 0.211429553984519 0.0870570849540474
3 1300000 0.19220428464341 0.0800649503114707
3 1200000 0.288549707839762 0.097174032455214
3 1100000 0.170115165961051 0.0695198039802083
3 1000000 0.160344216985264 0.0651066379474664
3 900000 0.147648720561748 0.0609253180730731
3 800000 0.137633441404485 0.0575575357721151
3 700000 0.123169326531596 0.0540580533765544
3 600000 0.107445187483703 0.0513807278708033
3 500000 0.0926084381218269 0.0488693142720337
3 400000 0.0780094607470588 0.047195719027743
3 300000 0.0604411810732909 0.0447348174133421
3 200000 0.0426151227836337 0.0429033191783596
1 1400000 0.14043230162517 0.0743937032010594
1 1300000 0.130945702906334 0.0692905957991876
1 1200000 0.299415952668862 0.0828490022820608
1 1100000 0.116452466198501 0.0611551264062493
1 1000000 0.108592284232631 0.0580460120930959
1 900000 0.0995056931470348 0.0551087625082202
1 800000 0.0921184455939647 0.0530285438002886
1 700000 0.0818044921293445 0.0489485610285873
1 600000 0.0721181173954567 0.0469899303835663
1 500000 0.062770191501126 0.0462837825079266
1 400000 0.0516637151394129 0.0439584681893335
1 300000 0.0405109017622645 0.0431381718073051
1 200000 0.0272956628828913 0.0406086232565467
