cores freq perf power
240 2000000 0.908471142771643 0.999734569221555
240 1900000 0.693264103961387 0.619698350825163
240 1800000 0.597078812993654 0.479598316397546
240 1700000 0.521658367983247 0.415758986806962
240 1600000 0.495902295144785 0.360957345814941
240 1500000 0.465990212899738 0.318646404478061
240 1400000 0.441787234230787 0.281725812838108
240 1300000 0.418514859898364 0.263763189679299
240 1200000 0.400672597504203 0.232414146270964
240 1100000 0.372425931235042 0.207264446583482
240 1000000 0.35490166468856 0.18628934927299
240 900000 0.330791736672662 0.165469718272357
240 800000 0.289680767262429 0.150160284864926
240 700000 0.3958613434593 0.20949097117905
240 600000 0.217773286960712 0.124708427113345
240 500000 0.168491373433176 0.108825966480856
240 400000 0.151404639214104 0.0954712835904784
240 300000 0.109681590981016 0.0791307443225827
240 200000 0.0859046302738567 0.064473465004708
112 2000000 0.496961312817435 0.676125708771088
112 1900000 0.462739962937564 0.477574165614191
112 1800000 0.362506042485188 0.435164330043979
112 1700000 0.387591735726736 0.374128729544916
112 1600000 0.39661368878255 0.325592171431304
112 1500000 0.407110836164325 0.288406566493455
112 1400000 0.407523223265382 0.258032468493521
112 1300000 0.557926154870171 0.382943413533019
112 1200000 0.377775951803546 0.210291570710988
112 1100000 0.331990591556341 0.188328575720145
112 1000000 0.293315755775989 0.169386636605018
112 900000 0.265924001556592 0.147446973554931
112 800000 0.214270965916591 0.134928824675365
112 700000 0.193978504283503 0.122507593946624
112 600000 0.186142958253952 0.109591002344539
112 500000 0.148246267519977 0.0969483356989617
112 400000 0.126510245334257 0.085527147404788
112 300000 0.095495233262916 0.0715964986714433
112 200000 0.0612852653504005 0.0586843970163892
48 2000000 0.399121979608507 0.508848016263473
48 1900000 0.545701884380656 0.639719265498269
48 1800000 0.370698287034127 0.326160444236881
48 1700000 0.367263444273854 0.316924176718431
48 1600000 0.349888322321468 0.284112996779388
48 1500000 0.299561473508578 0.251792848403545
48 1400000 0.29482570156013 0.226143142401845
48 1300000 0.275289131039679 0.209069381467289
48 1200000 0.236583976609181 0.180999929276512
48 1100000 0.222872159856939 0.162138775919999
48 1000000 0.21988825524979 0.14210968734514
48 900000 0.196816490131313 0.122683431224792
48 800000 0.177744529749942 0.114212912864835
48 700000 0.156711810049742 0.105365823472561
48 600000 0.174035411793081 0.1180593844695
48 500000 0.10589551526779 0.0823244728484965
48 400000 0.0853442227404443 0.0739056358955516
48 300000 0.0610170442091006 0.0625940423591856
48 200000 0.0377932827483336 0.0495594669761808
16 2000000 0.250766434385209 0.389503255403702
16 1900000 0.246076531544693 0.307649595614135
16 1800000 0.234685903184494 0.268700348699469
16 1700000 0.225829076273296 0.232438565239986
16 1600000 0.20917054677928 0.205287479601569
16 1500000 0.196575115632297 0.183298490993486
16 1400000 0.181757507827316 0.165851539276638
16 1300000 0.164672948304473 0.150479416320694
16 1200000 0.176475732560345 0.161174730895945
16 1100000 0.136539678665898 0.11362803047402
16 1000000 0.124136160925995 0.103143143233596
16 900000 0.115380976569753 0.0906077550975918
16 800000 0.100038269511589 0.0847498470890994
16 700000 0.0871109124454085 0.0786719056920622
16 600000 0.0697011252896177 0.0728011608697708
16 500000 0.0604956106685357 0.0653772457262372
16 400000 0.0468638652785571 0.0584641760835078
16 300000 0.0286381763213902 0.0462478933436754
16 200000 0.0229315782576821 0.0457151419706986
15 1400000 0.324204728739468 0.111319829507623
15 1300000 0.291218824683001 0.105298300864769
15 1200000 0.490687838418873 0.16037338030137
15 1100000 0.229373431913683 0.0897907900694445
15 1000000 0.234115251791059 0.084064222031095
15 900000 0.219880283742752 0.0765637615118765
15 800000 0.209925866624087 0.0701775760146932
15 700000 0.185544832338427 0.0654621301152857
15 600000 0.152249982759572 0.0609622549855083
15 500000 0.139035496428472 0.0576598881426354
15 400000 0.113770043054038 0.0546150145342174
15 300000 0.0853285029761424 0.0516885702193855
15 200000 0.0595511755649788 0.0470886847841884
7 1400000 0.264987425082635 0.101650598525874
7 1300000 0.266224727974549 0.0932856647691043
7 1200000 0.374722541412172 0.13517337885602
7 1100000 0.234460476327945 0.0801232011964891
7 1000000 0.216145231269945 0.0749944781601896
7 900000 0.197398800979099 0.0696401999662149
7 800000 0.166469538170925 0.064314180361206
7 700000 0.156611186605536 0.0600508695794602
7 600000 0.136495618685016 0.056200182403515
7 500000 0.117164694245514 0.0539902113146649
7 400000 0.0909312871183712 0.0509096798022345
7 300000 0.0727528679494988 0.0483312622765423
7 200000 0.0452381875254062 0.04484363407325
3 1400000 0.211671581555139 0.0911054582266462
3 1300000 0.184836115586756 0.0839575882578566
3 1200000 0.254302888742575 0.1079987034853
3 1100000 0.161882214328695 0.0722378010429623
3 1000000 0.158198080898562 0.0676931847131909
3 900000 0.144401041561288 0.063399703593487
3 800000 0.1311987196135 0.0589620636547295
3 700000 0.111314093152002 0.0555460701465919
3 600000 0.0976668668155198 0.0524073125898166
3 500000 0.0872003832066481 0.0499755104567838
3 400000 0.0717813672951451 0.0486478448521632
3 300000 0.050675926678914 0.045680790374546
3 200000 0.0369387083387712 0.0436010559465833
1 1400000 0.119324426705911 0.0799991633749872
1 1300000 0.112984438882345 0.0737586241435941
1 1200000 0.129528787091158 0.0785612630668714
1 1100000 0.102983205282401 0.0644835045759452
1 1000000 0.0954495636275466 0.060919446077426
1 900000 0.0866340518826871 0.0574417430985541
1 800000 0.078416225646745 0.0544511758007842
1 700000 0.066225311957291 0.050822827138263
1 600000 0.0568671066514715 0.0481810310774538
1 500000 0.0511256314850051 0.0476244056538992
1 400000 0.0419254589848476 0.0448156810831848
1 300000 0.0307850445897414 0.0460387898883226
1 200000 0.0198734641862373 0.0411241814480212
