 
0	0.44077	0.541176	   
1	0.692146	0.756903	   
2	0.772409	0.828304	   
3	0.823916	0.865641	   
4	0.936444	0.885524	   
5	0.940074	0.90039	   
6	0.957366	0.911913	   
7	0.971963	0.920984	   
8	0.985816	0.923533	   
9	0.982122	0.928439	   
10	0.975169	0.932859	   
11	0.95604	0.936375	   
12	0.95649	0.972384	   
13	0.98349	0.973676	   
14	0.970209	0.970341	   
15	0.978415	0.970517	   
16	0.973504	0.970967	   
17	0.961885	0.971527	   
18	0.966639	0.970487	   
19	0.964029	0.969969	   
20	0.962265	0.972095	   
21	0.973116	0.973353	   
22	0.989508	0.970733	   
23	0.951598	0.965815	   
24	0.951204	0.965476	   
25	0.926731	0.964266	   
26	0.923168	0.968303	   
27	0.954336	0.967854	   
28	0.950956	0.967589	   
29	0.98155	0.968403	   
30	0.92047	0.961841	   
31	0.869045	0.959053	   
32	0.894455	0.96009	   
33	0.864071	0.958432	   
34	0.898895	0.959999	   
35	0.941689	0.964448	   
36	0.962997	0.966526	   
37	0.920013	0.958654	   
38	0.93903	0.958307	   
39	0.949268	0.958384	   
40	0.905246	0.958513	   
41	0.96336	0.957782	   
42	0.936604	0.962898	   
43	0.941565	0.965678	   
44	0.945133	0.96476	   
45	0.889687	0.963322	   
46	0.917508	0.964285	   
47	0.88687	0.963545	   
48	0.897996	0.962139	   
49	0.930611	0.969652	   
50	0.898413	0.96816	   
51	0.893678	0.966702	   
52	0.899529	0.967687	   
53	0.917664	0.967462	   
54	0.935618	0.968841	   
55	0.946919	0.967687	   
56	0.938027	0.968075	   
57	0.901743	0.968768	   
58	0.909563	0.96846	   
59	0.925594	0.969543	   
60	0.945305	0.970342	   
61	0.949045	0.966996	   
62	0.923584	0.967011	   
63	0.928069	0.968536	   
64	0.907719	0.968079	   
65	0.943983	0.968257	   
66	0.98477	0.968884	   
67	0.986429	0.969315	   
68	0.978525	0.968906	   
69	0.979099	0.970851	   
70	0.966623	0.970362	   
71	0.96698	0.970674	   
72	1.02111	0.971915	   
73	1.005611	0.966526	   
74	0.961696	0.959898	   
75	0.932677	0.958604	   
76	0.903663	0.959429	   
77	0.883757	0.955887	   
78	0.912626	0.95505	   
79	0.955939	0.956384	   
80	0.92173	0.953889	   
81	0.963893	0.954213	   
82	0.93325	0.950328	   
83	0.914762	0.950127	   
84	0.950352	0.948802	   
85	0.93277	0.955882	   
86	0.988246	0.964195	   
87	0.986469	0.9653	   
88	0.98155	0.96513	   
89	0.963349	0.966319	   
90	0.967697	0.967718	   
91	0.958128	0.965724	   
92	0.93315	0.968056	   
93	0.971097	0.96816	   
94	0.947456	0.969364	   
95	0.925797	0.967782	   
96	0.916964	0.965925	   
97	0.873801	0.967013	   
98	0.882753	0.966659	   
99	0.890304	0.965524	   
100	0.975486	1.011	   
101	1.008553	1.032719	   
102	1.017695	1.051251	   
103	1.066778	1.073801	   
104	0.984021	1.08786	   
105	1.010016	1.114913	   
106	1.0138	1.133457	   
107	1.009405	1.150471	   
108	1.01985	1.161618	   
109	0.988509	1.180679	   
110	0.99774	1.201263	   
111	0.981236	1.217926	   
112	0.997912	1.190754	   
113	1.02925	1.19147	   
114	0.987816	1.178262	   
115	1.013596	1.178806	   
116	0.990175	1.177244	   
117	0.992183	1.174035	   
118	0.996508	1.168305	   
119	0.998647	1.176438	   
120	0.99873	1.178782	   
121	1.012722	1.186948	   
122	1.020129	1.171023	   
123	0.966418	1.167703	   
124	1.010681	1.177809	   
125	0.968615	1.176516	   
126	0.998933	1.189949	   
127	1.018891	1.181662	   
128	0.990166	1.189253	   
129	1.03777	1.190523	   
130	0.945575	1.179426	   
131	0.953643	1.192843	   
132	1.048311	1.22455	   
133	0.949688	1.198771	   
134	1.030377	1.218176	   
135	1.045781	1.231131	   
136	1.0019	1.224704	   
137	0.97949	1.203662	   
138	1.029379	1.219639	   
139	1.000084	1.217083	   
140	0.952828	1.217488	   
141	1.052418	1.215018	   
142	0.956854	1.224714	   
143	1.022859	1.220621	   
144	0.995905	1.185261	   
145	0.939761	1.207101	   
146	1.047577	1.222432	   
147	0.951428	1.204933	   
148	1.030382	1.215915	   
149	1.026514	1.226899	   
150	0.95297	1.215651	   
151	1.005686	1.234757	   
152	1.004607	1.245986	   
153	1.015131	1.230296	   
154	1.01558	1.240038	   
155	1.009263	1.230509	   
156	0.985811	1.247632	   
157	0.969879	1.238389	   
158	1.019032	1.232232	   
159	1.010791	1.239586	   
160	1.016857	1.227787	   
161	1.008621	1.223972	   
162	0.9671	1.227096	   
163	1.017636	1.228376	   
164	0.971354	1.209045	   
165	1.036779	1.22222	   
166	1.033173	1.216065	   
167	0.991054	1.207999	   
168	0.995421	1.197838	   
169	1.00272	1.208314	   
170	0.987449	1.184794	   
171	1.002892	1.19127	   
172	1.053318	1.186922	   
173	0.9968	1.179504	   
174	0.976961	1.162117	   
175	0.974343	1.161504	   
176	0.98343	1.178345	   
177	0.961241	1.160865	   
178	1.018654	1.178532	   
179	1.043211	1.187709	   
180	0.955212	1.177552	   
181	1.053373	1.182001	   
182	0.964478	1.174303	   
183	0.993344	1.193846	   
184	1.028218	1.186812	   
185	0.977815	1.202051	   
186	1.052009	1.207634	   
187	0.97812	1.191768	   
188	1.005623	1.1842	   
189	0.975005	1.189749	   
190	1.015238	1.188577	   
191	0.987477	1.171218	   
192	0.977409	1.191339	   
193	1.043896	1.185825	   
194	0.968969	1.189459	   
195	0.984167	1.169464	   
196	0.994257	1.192024	   
197	0.955043	1.201334	   
198	1.014556	1.213624	   
199	1.004811	1.212882	 
