BACKPROP 1 1 1 1 1
BFS 1 1 1 1 0.936566
BLACKSCHOLES_10M 0.978914 1 1 0.946843 0.936537
BODYTRACK 1 1 1 1 0.897974
FACESIM 1 1 1 0.916321 0.869527
FERRET 1 1 1 0.958048 0.87728
HEARTWALL 1 1 1 1 0.896396
HOTSPOT 1 1 1 1 0.961779
JACOBI 0.921628 0.771548 1 0.546237 0.634874
KMEANS 1 1 1 1 0.869825
KMEANSNF 0.600154 1 0.960267 0.68195 0.683985
LAVAMD 1 1 1 0.937753 0.898572
LEUKOCYTE 1 0.899335 0.899324 0.672446 0.815674
LUD 0.104302 1 0.804728 0.953194 0.596904
NW 1 1 1 1 0.980113
SHA 1 1 1 1 0.902942
SRAD 0.950557 1 0.96067 0.839663 0.897478
STREAM 1 1 1 0.742689 0.740634
STREAM_threads 0.911178 0.636658 1 0.386954 0.551108
X264_ducks 1 1 1 0.965022 1
X264_native 1 1 1 0.966447 0.905759
AVERAGE 0.926987 0.967026 0.982142 0.881598 0.850187
