BACKPROP 0.0256358 4.2564 4.62921
BFS 22.2162 3.9879 3.71683
BLACKSCHOLES_10M 12.205 3.85596 3.85596
BODYTRACK 25.327 4.62052 3.83526
FACESIM 11.5022 4.59088 3.6098
FERRET 25.7581 6.12701 3.66288
HEARTWALL 3.88499 3.70535 4.39954
HOTSPOT 19.1778 3.89237 4.02466
JACOBI 0 5.13485 3.84858
KMEANS 25.918 5.89109 4.06058
KMEANSNF 0.194136 3.33273 3.62258
LAVAMD 0.807555 4.15055 3.90352
LEUKOCYTE 8.80375 3.66605 5.34201
LUD 0.314742 4.27835 4.13303
NW 1.10711 3.61828 3.89767
SHA 30.5277 4.91778 3.56731
SRAD 36.9042 5.34919 4.79177
STREAM 0 35.9471 4.89709
STREAM_threads 0.0662367 4.37205 3.36564
X264_ducks 16.7652 5.44354 4.39645
X264_native 19.2154 5.19438 3.78362
AVERAGE 12.4153 6.01583 4.064
