BACKPROP 11.6506 4.91053 4.32908
BFS 17.3497 7.05342 4.58341
BLACKSCHOLES_10M 14.0565 4.54724 4.54724
BODYTRACK 9.77734 9.91096 4.28469
FACESIM 8.02591 10.5135 3.95986
FERRET 10.5755 14.2751 4.23235
HEARTWALL 11.4321 5.6775 4.70054
HOTSPOT 28.8698 7.4896 5.01831
JACOBI 2.70097 12.6281 3.8824
KMEANS 13.3464 11.5487 6.01463
KMEANSNF 1.30253 10.3485 4.11193
LAVAMD 9.3045 4.17036 3.93327
LEUKOCYTE 11.9948 9.61101 4.19227
LUD 4.77909 34.0174 7.02097
NW 14.7287 7.46294 3.95426
SHA 17.4883 8.5782 4.3836
SRAD 2.74958 10.5326 5.03483
STREAM 6.47607 19.2353 3.08319
STREAM_threads 0.681939 12.6516 9.04912
X264_ducks 8.21525 12.5004 4.59239
X264_native 10.4436 13.133 4.94509
AVERAGE 10.2833 10.9903 4.75493
