BACKPROP 0.0183875 0 0 3.36556 5.81691
BFS 0.0174675 0 0.01579 3.08073 7.45092
BLACKSCHOLES_10M 13.8293 0 0 3.50835 6.68444
BODYTRACK 27.4318 0.0548975 0.0572825 3.21503 3.93138
FACESIM 0 0 0 3.24106 5.28258
FERRET 3.38864 0.117783 0.127905 3.30869 4.07407
HEARTWALL 22.5588 0 0 3.4046 5.79994
HOTSPOT 0.047355 0 0.008795 3.07615 7.22557
JACOBI 0 0 0 3.02033 5.77154
KMEANS 17.2876 0.0891625 0.0999625 2.99028 3.76096
KMEANSNF 20.7917 0.02727 0 3.07353 5.3928
LAVAMD 0.166565 0 0 3.80952 8.89573
LEUKOCYTE 19.3983 0 0 3.07483 4.86979
LUD 0.091135 0.08115 0 3.18903 7.4782
NW 0 0 0 3.44774 6.09868
SHA 0.0805225 0 0 3.67491 4.62727
SRAD 0 0.144443 0.155975 3.23259 6.81759
STREAM 0 17.7487 15.8388 8.33163 12.0627
STREAM_threads 0 0 0 2.93158 7.83384
X264_ducks 47.0403 0.135385 0.161378 3.3543 4.47813
X264_native 39.9456 0.0309675 0.0342675 3.35695 4.58989
AVERAGE 10.0997 0.877608 0.785722 3.50892 6.14014
