BACKPROP 1 1 1 1 1
BFS 1 1 1 1 0.939662
BLACKSCHOLES_10M 0.860639 1 0.860635 1 1
BODYTRACK 0.901541 1 0.792155 1 0.923928
FACESIM 0.845027 1 1 1 0.87935
FERRET 0.820842 1 0.820838 1 0.930315
HEARTWALL 0.806387 1 0.806383 1 0.922901
HOTSPOT 1 1 1 1 0.990722
JACOBI 0.804952 0.542184 0.609713 0.57835 0.477985
KMEANS 0.86386 1 0.863857 1 0.994251
KMEANSNF 0.439861 0.594131 0.439861 0.630612 0.747211
LAVAMD 1 1 1 1 0.933488
LEUKOCYTE 0.745256 0.878624 0.878641 0.928845 1
LUD 0.118145 0.932493 0.118145 0.981386 0.691732
NW 1 1 1 1 0.994544
SHA 0.804345 1 0.804337 1 0.917628
SRAD 1 0.913594 0.419589 0.952486 0.976669
STREAM 1 0.780005 1 0.808176 0.777487
STREAM_threads 1 0.413348 1 0.413329 0.5977
X264_ducks 0.859255 0.966562 0.860403 1 1
X264_native 0.881936 1 0.881933 1 0.993428
AVERAGE 0.845336 0.905759 0.816976 0.918723 0.889952
