BACKPROP 0.592418 0.940964 1 0.845829 0.869794
BFS 0.962911 1 1 0.967107 0.903278
BLACKSCHOLES_10M 0.817313 0.951697 0.854287 0.846294 0.750866
BODYTRACK 0.66079 1 1 0.923108 0.903735
FACESIM 0.816467 1 1 0.8484 0.890394
FERRET 0.877159 1 1 0.92679 0.925126
HEARTWALL 0.866868 0.989144 0.866865 0.860944 0.853758
HOTSPOT 0.974083 0.844941 0.973456 0.801146 0.835106
JACOBI 0.942347 0.859827 0.982144 0.745527 0.888087
KMEANS 0.682007 1 1 0.942579 0.909385
KMEANSNF 0.542701 1 0.950179 0.941539 0.833142
LAVAMD 0.531997 0.902879 0.795293 0.673305 0.664535
LEUKOCYTE 0.904687 1 1 0.916539 0.894919
LUD 0.698888 0.825139 0.993024 0.983181 0.829611
NW 0.734973 0.974893 0.872386 0.853328 0.837559
SHA 0.68876 1 1 0.930972 0.907852
SRAD 0.685294 0.44089 0.48296 0.757076 0.683622
STREAM 1 0.334925 0.380793 0.569047 0.858525
STREAM_threads 0.893686 0.759924 1 0.610821 0.896068
X264_ducks 0.9585 1 1 0.897382 0.943451
X264_native 0.867975 1 1 0.933006 0.918613
AVERAGE 0.79523 0.896439 0.911971 0.846377 0.85702
