BACKPROP 14.1507 12.3376 11.0528
BFS 15.1983 14.8347 12.1471
BLACKSCHOLES_10M 10.0587 12.3685 12.3685
BODYTRACK 10.5711 13.118 12.3145
FACESIM 11.8815 12.6282 12.352
FERRET 15.726 12.0077 13.015
HEARTWALL 13.4551 11.497 14.4257
HOTSPOT 18.3037 16.698 12.0633
JACOBI 9.32462 13.3821 10.8795
KMEANS 16.1699 13.4945 16.6939
KMEANSNF 11.9086 15.6244 13.4221
LAVAMD 14.6967 11.5451 10.0828
LEUKOCYTE 10.7205 11.6843 10.7041
LUD 84.4369 49.303 19.1551
NW 13.4449 13.5227 10.5134
SHA 10.8236 14.5995 12.6901
SRAD 18.9478 17.9609 15.5725
STREAM 12.5515 14.2312 10.1126
STREAM_threads 10.0089 24.5596 21.2357
X264_ducks 16.8068 12.4073 10.9235
X264_native 16.1461 12.761 13.2466
AVERAGE 16.9206 15.7412 13.0938
