BACKPROP 3.55269 6.18159 8.22155 3.37326 3.82536
BFS 4.08226 26.8009 11.9776 5.48088 4.21218
BLACKSCHOLES_10M 10.0685 34.8782 4.23101 3.15122 3.48599
BODYTRACK 15.624 33.379 23.9403 9.08648 3.56369
FACESIM 13.3195 7.80864 7.8089 11.6905 3.81892
FERRET 6.45142 28.5386 11.2309 15.0204 3.81645
HEARTWALL 13.1827 30.9691 13.153 3.92194 3.6418
HOTSPOT 14.9579 30.8346 14.881 5.46354 4.65617
JACOBI 49.9555 0.10872 0.105963 19.0707 3.90232
KMEANS 4.78616 32.227 14.1127 11.1186 3.50832
KMEANSNF 21.9273 19.6275 21.9237 6.29592 4.15851
LAVAMD 40.5676 2.35854 0.200718 3.59422 4.36134
LEUKOCYTE 0.318943 0.318943 0.290159 7.2318 4.07391
LUD 24.0921 26.159 0.628916 6.50947 6.26116
NW 14.7562 15.2656 8.63837 6.35351 3.66593
SHA 14.7857 37.6808 29.7016 10.4171 4.05259
SRAD 18.8362 26.6008 0.189203 17.5852 4.63683
STREAM 3.40308 0.802755 3.54872 24.9756 6.8407
STREAM_threads 27.5605 0.147376 0.196122 10.6502 5.98637
X264_ducks 23.2662 36.0082 23.2659 10.291 4.50084
X264_native 9.73979 25.6675 10.3821 13.1275 4.03896
AVERAGE 15.9635 20.1125 9.93469 9.73376 4.33373
