0 0.473801 1.13459
1 0.985256 2.1578
2 0.959294 2.15944
3 1.0007 2.16031
4 1.02065 2.15936
5 1.00553 2.11929
6 0.927793 2.10694
7 0.947989 2.15906
8 0.956161 2.15921
9 0.991789 2.15995
10 1.01561 2.16044
11 1.00728 2.13022
12 0.964499 2.11527
13 0.944997 2.15883
14 1.02709 2.16058
15 0.9531 2.10686
16 1.00056 2.15995
17 1.00853 2.15902
18 0.959176 2.14152
19 1.03245 2.16057
20 1.04184 2.09834
21 0.950686 2.01589
22 1.03873 2.11259
23 1.01171 2.03751
24 0.971554 2.0141
25 1.01701 2.06976
26 0.962616 2.03585
27 0.95457 2.10753
28 0.996031 2.15953
29 0.9317 2.15811
30 0.990207 2.15935
31 1.05971 2.16083
32 0.95772 2.0438
33 0.987181 2.1257
34 1.01946 2.15102
35 1.024 2.11367
36 1.01374 2.06729
37 0.977637 2.04007
38 0.991069 2.08333
39 1.04189 2.10157
40 0.893021 2.01981
41 0.941963 2.16017
42 0.986541 2.16111
43 0.96529 2.16062
44 0.87793 2.1587
45 0.941709 2.16005
46 0.997721 2.16124
47 0.996103 2.16118
48 0.961927 2.16041
49 0.945849 2.16004
50 0.911821 2.15927
51 0.964829 2.16039
52 0.981491 2.16073
53 0.952361 2.16007
54 0.966457 2.16035
55 0.973923 2.16048
56 0.970083 2.16037
57 0.954383 2.16001
58 0.96444 2.1602
59 1.052 2.16207
60 0.943281 2.05965
61 1.01566 2.16122
62 0.949166 2.12962
63 0.981704 2.16044
64 1.02976 2.16145
65 0.932096 2.10205
66 0.991663 2.16057
67 0.998834 2.1607
68 0.963053 2.1599
69 0.946263 2.15951
70 0.920076 2.15891
71 0.994003 2.16049
72 0.984823 2.16026
73 0.973029 2.15998
74 1.02537 2.16109
75 0.96057 2.11085
76 0.984023 2.16014
77 0.981267 2.16005
78 0.972066 2.15982
79 1.02829 2.16102
80 1.02436 2.10649
81 0.955867 2.05813
82 1.00991 2.14416
83 0.982997 2.12448
84 1.03873 2.15837
85 0.988999 2.08277
86 1.00897 2.10434
87 0.945681 2.08569
88 1.05615 2.16137
89 0.911271 2.05021
90 0.982 2.15971
91 0.98643 2.15978
92 1.00559 2.16017
93 1.02071 2.14973
94 0.991937 2.10924
95 0.975964 2.12437
96 1.04951 2.16102
97 0.929397 2.06317
98 0.984 2.15954
99 1.0417 2.16076
100 0.968613 2.07897
101 1.01042 2.14021
102 1.01413 2.12023
103 1.01053 2.09295
104 0.950757 2.07138
105 1.02243 2.16019
106 1.02508 2.11708
107 0.949887 2.06721
108 1.01584 2.15996
109 1.00406 2.12923
110 0.986814 2.12103
111 1.00317 2.14671
112 1.01416 2.14082
113 0.996881 2.1132
114 1.04439 2.1202
115 0.985094 2.03355
116 0.998791 2.06248
117 0.976517 2.06429
118 1.04189 2.11083
119 1.04251 2.03029
120 0.848824 1.94627
121 0.949804 2.16034
122 0.953359 2.16039
123 0.969387 2.16071
124 0.991036 2.16115
125 0.968831 2.16064
126 0.939349 2.15998
127 0.926037 2.15966
128 0.954654 2.16026
129 1.02031 2.16165
130 0.921561 2.1204
131 0.697016 2.22566
132 0.739753 2.26806
133 0.71947 2.26741
134 0.750527 2.26833
135 0.765999 2.26877
136 0.769731 2.26885
137 0.714044 2.26713
138 0.710991 2.26701
139 0.717121 2.26717
140 0.743841 2.26795
141 0.761704 2.26846
142 0.766806 2.26859
143 0.739417 2.26773
144 0.708747 2.26678
145 0.770316 2.26861
146 0.733667 2.26747
147 0.750423 2.26795
148 0.7568 2.26812
149 0.725637 2.26714
150 0.77434 2.2686
151 0.806183 2.26953
152 0.767041 2.26832
153 0.797941 2.26922
154 0.807559 2.26949
155 0.784779 2.26877
156 0.798306 2.26915
157 0.768581 2.26822
158 0.734444 2.26716
159 0.747023 2.26751
160 0.698776 2.26602
161 0.742656 2.26732
162 0.79478 2.26888
163 0.761391 2.26783
164 0.752824 2.26755
165 0.767951 2.26797
166 0.785936 2.26849
167 0.796609 2.26879
168 0.778869 2.26822
169 0.772177 2.26799
170 0.804691 2.26895
171 0.719127 2.26859
172 0.706471 2.26818
173 0.739907 2.26917
174 0.723967 2.26865
175 0.658447 2.26664
176 0.706281 2.26806
177 0.74829 2.26931
178 0.747077 2.26924
179 0.721446 2.26844
180 0.709387 2.26804
181 0.683866 2.26724
182 0.723621 2.26841
183 0.736119 2.26877
184 0.714271 2.26807
185 0.724843 2.26837
186 0.730441 2.26851
187 0.727563 2.26839
188 0.715787 2.26801
189 0.72333 2.26821
190 0.788997 2.27017
191 0.744147 2.26878
192 0.761747 2.26929
193 0.722606 2.26807
194 0.736279 2.26846
195 0.772321 2.26953
196 0.719371 2.26789
197 0.743747 2.2686
198 0.749126 2.26873
199 0.72229 2.26789
200 0.709697 2.26749
201 0.690057 2.26686
202 0.745501 2.26851
203 0.738617 2.26828
204 0.729771 2.26798
205 0.769029 2.26914
206 0.738184 2.26818
207 0.738017 2.26815
208 0.73595 2.26805
209 0.729049 2.26781
210 0.771217 2.26907
211 0.789441 2.26959
212 0.754566 2.2685
213 0.763597 2.26875
214 0.750356 2.26832
215 0.780101 2.2692
216 0.771106 2.26889
217 0.778236 2.26908
218 0.735856 2.26777
219 0.792113 2.26944
220 0.721886 2.26729
221 0.7365 2.2677
222 0.739823 2.26777
223 0.75419 2.26818
224 0.769613 2.26862
225 0.76298 2.26839
226 0.744854 2.26781
227 0.787133 2.26907
228 0.731381 2.26735
229 0.738 2.26752
230 0.781273 2.2688
231 0.75636 2.26802
232 0.765294 2.26826
233 0.775846 2.26855
234 0.783801 2.26877
235 0.745133 2.26757
236 0.766824 2.26819
237 0.785514 2.26873
238 0.746019 2.26751
239 0.761879 2.26796
240 0.764523 2.26801
241 0.754339 2.26768
242 0.757196 2.26773
243 0.76781 2.26803
244 0.765099 2.26791
245 0.799141 2.26892
246 0.787589 2.26854
247 0.786687 2.26849
248 0.768219 2.2679
249 0.800943 2.26886
250 0.835429 2.26988
251 0.710827 2.26834
252 0.712353 2.26836
253 0.715019 2.26841
254 0.72704 2.26874
255 0.743277 2.26921
256 0.726623 2.26868
257 0.704511 2.26798
258 0.694529 2.26764
259 0.71599 2.26827
260 0.765233 2.26973
261 0.704743 2.26787
