0 0.644519 2.80361
1 0.951514 2.02089
2 0.986079 2.22001
3 1.04681 2.27826
4 1.00605 2.0858
5 1.00286 2.06096
6 0.926759 2.04764
7 1.01334 2.34912
8 1.00544 2.29436
9 1.03587 2.27273
10 1.01324 2.12546
11 1.00237 2.07101
12 0.963521 2.06045
13 0.968509 2.20978
14 1.09482 2.34134
15 0.92178 1.94964
16 1.04489 2.27228
17 0.994703 2.08751
18 0.960427 2.10843
19 1.07817 2.27285
20 1.01294 1.95155
21 0.946651 1.89789
22 1.05865 2.11786
23 0.989869 1.87988
24 0.974984 1.91749
25 1.02651 2.02093
26 0.952863 1.91087
27 0.970733 2.10409
28 1.02537 2.22496
29 0.92832 2.11906
30 1.07887 2.42807
31 1.04592 2.09209
32 0.941193 1.90197
33 1.00758 2.14394
34 1.01771 2.11314
35 1.01734 2.04066
36 1.00714 1.96945
37 0.975044 1.93955
38 1.00017 2.04216
39 1.04205 2.04231
40 0.879574 1.87317
41 1.01113 2.36454
42 1.04466 2.31969
43 0.965939 2.13512
44 0.917514 2.27345
45 1.085 2.69679
46 1.03944 2.26577
47 0.986524 2.10315
48 0.969581 2.15792
49 0.990893 2.28287
50 0.966074 2.31956
51 1.06435 2.48519
52 1.00095 2.19574
53 0.970064 2.19117
54 1.02215 2.3148
55 1.00192 2.22368
56 0.995543 2.21567
57 0.984977 2.23366
58 1.01425 2.29575
59 1.08678 2.23898
60 0.913351 1.88296
61 1.04907 2.23756
62 0.933513 2.0342
63 1.03629 2.3085
64 1.03829 2.15999
65 0.919214 2.0007
66 1.05483 2.33423
67 0.991041 2.10841
68 0.966789 2.14453
69 0.990914 2.28093
70 0.974393 2.31771
71 1.08552 2.43975
72 0.966016 2.0723
73 0.997567 2.21203
74 1.05448 2.22319
75 0.942263 1.99778
76 1.01614 2.23562
77 0.992643 2.16905
78 0.99266 2.19913
79 1.05992 2.2306
80 1.00272 1.9841
81 0.954851 1.97193
82 1.02622 2.1582
83 0.974217 2.04975
84 1.04781 2.15681
85 0.97163 1.9595
86 1.019 2.0766
87 0.9392 1.99713
88 1.09474 2.24924
89 0.879964 1.86277
90 1.05027 2.3517
91 0.990344 2.1447
92 1.02224 2.18486
93 1.01338 2.09365
94 0.986896 2.03829
95 0.980421 2.09175
96 1.06287 2.1736
97 0.907641 1.91304
98 1.03437 2.29359
99 1.04833 2.15327
100 0.951344 1.95341
101 1.02732 2.15408
102 1.00463 2.04177
103 1.00862 2.02289
104 0.947691 1.9863
105 1.04502 2.20236
106 1.009 2.01736
107 0.946593 1.97918
108 1.03746 2.19959
109 0.991264 2.04531
110 0.989519 2.08098
111 1.00707 2.12421
112 1.01175 2.09538
113 0.992546 2.04687
114 1.04707 2.0785
115 0.968013 1.88662
116 1.01012 2.01596
117 0.972889 1.97375
118 1.05209 2.08632
119 1.02269 1.87658
120 0.84458 1.79404
121 1.0353 2.43112
122 0.995586 2.27272
123 1.0179 2.29124
124 1.0175 2.21791
125 0.972594 2.14529
126 0.976566 2.25752
127 0.991026 2.35372
128 1.03269 2.39703
129 1.06036 2.2581
130 0.90258 2.00761
131 0.682659 2.10736
132 1.00474 5.70885
133 0.974611 5.59604
134 1.02095 5.77501
135 1.02986 5.28392
136 1.01749 4.5827
137 0.934429 4.16876
138 0.965707 5.70774
139 0.975511 5.77207
140 1.01186 5.77406
141 1.02932 5.49682
142 1.0192 4.80831
143 0.972057 4.35557
144 0.946723 5.00958
145 1.04787 5.77574
146 0.971444 4.64889
147 1.00984 5.32045
148 1.01279 5.08967
149 0.964063 4.78725
150 1.04982 5.63446
151 1.0626 4.46595
152 0.952216 3.41531
153 1.04279 4.11711
154 1.00913 3.47064
155 0.968901 3.37156
156 1.02636 3.70592
157 0.954884 3.4216
158 0.958661 4.0648
159 0.998447 5.036
160 0.934781 5.06914
161 1.01024 5.77245
162 1.07499 5.53573
163 0.98663 3.77227
164 0.983143 4.0857
165 1.01269 4.48233
166 1.02886 4.1852
167 1.01753 3.65081
168 0.972456 3.46179
169 0.999019 3.75694
170 1.04238 3.76906
171 0.881507 3.31367
172 0.955969 5.55252
173 1.00651 5.77715
174 0.98126 5.62302
175 0.895696 5.77071
176 0.960766 5.77433
177 1.01791 5.77751
178 1.00614 5.3565
179 0.968267 5.21048
180 0.964989 5.77429
181 0.930273 5.77224
182 0.984353 5.77524
183 1.00135 5.77613
184 0.970903 5.74262
185 0.986014 5.77512
186 0.993631 5.77548
187 0.989713 5.77519
188 0.973696 5.7742
189 0.983956 5.77471
190 1.07329 5.77971
191 0.971013 4.05456
192 1.01069 4.73659
193 0.95291 4.48312
194 0.997174 5.58998
195 1.04764 5.65902
196 0.949884 4.53622
197 1.01027 5.71487
198 1.01176 5.47388
199 0.969087 5.19579
200 0.965411 5.77287
201 0.938694 5.77128
202 1.01412 5.77549
203 0.996861 5.44331
204 0.986656 5.5163
205 1.04612 5.77709
206 0.978404 4.69144
207 0.99024 5.19856
208 0.992903 5.42755
209 0.987506 5.59365
210 1.0491 5.7769
211 1.04456 4.62442
212 0.967424 3.68149
213 1.00344 4.34112
214 0.984087 4.25949
215 1.03249 4.63502
216 1.00163 3.8711
217 1.00993 3.83313
218 0.944643 3.691
219 1.05517 4.90124
220 0.926936 3.69228
221 0.991059 5.31775
222 1.00053 5.52788
223 1.01966 5.51632
224 1.02906 5.05557
225 1.00342 4.37243
226 0.977653 4.29109
227 1.04645 4.8185
228 0.945401 3.7484
229 0.985683 5.00643
230 1.05194 5.34561
231 0.988674 4.12398
232 1.00691 4.39042
233 1.01674 4.22866
234 1.01724 3.83591
235 0.947786 3.61381
236 1.0155 4.65642
237 1.03104 4.29348
238 0.955869 3.67463
239 1.00756 4.59948
240 1.00668 4.42201
241 0.98946 4.2644
242 0.999246 4.512
243 1.01369 4.5303
244 1.00219 4.20857
245 1.04546 4.15909
246 0.983073 3.46003
247 1.00381 3.64159
248 0.975439 3.59978
249 1.0431 3.97625
250 1.03535 3.40387
251 0.839679 3.02224
252 0.969024 5.77509
253 0.972651 5.77523
254 0.989004 5.77608
255 1.01109 5.77727
256 0.98234 5.51539
257 0.958357 5.77413
258 0.944777 5.77328
259 0.973973 5.77487
260 1.04096 5.7786
261 0.936833 4.81205
