0 0.402846 0.890038
1 0.838626 1.67076
2 0.815633 1.67029
3 0.85084 1.67096
4 0.868381 1.67128
5 0.872611 1.67135
6 0.809483 1.67008
7 0.806021 1.66999
8 0.81297 1.67011
9 0.843263 1.67069
10 0.863513 1.67107
11 0.869294 1.67116
12 0.838247 1.67053
13 0.803477 1.66982
14 0.873274 1.67118
15 0.831727 1.67033
16 0.850723 1.67069
17 0.857953 1.67081
18 0.822624 1.67009
19 0.877837 1.67116
20 0.913936 1.67185
21 0.869563 1.67096
22 0.904593 1.67163
23 0.915494 1.67182
24 0.88967 1.67129
25 0.905006 1.67157
26 0.871309 1.67088
27 0.832609 1.6701
28 0.846869 1.67036
29 0.792173 1.66926
30 0.841917 1.67022
31 0.901009 1.67137
32 0.863157 1.6706
33 0.853444 1.67038
34 0.870594 1.6707
35 0.890981 1.67108
36 0.903081 1.6713
37 0.88297 1.67088
38 0.875386 1.67071
39 0.912246 1.67142
40 0.815244 1.67116
41 0.800897 1.67086
42 0.838801 1.67158
43 0.820731 1.6712
44 0.746454 1.66972
45 0.800681 1.67077
46 0.848306 1.67169
47 0.84693 1.67164
48 0.817873 1.67104
49 0.804201 1.67075
50 0.77527 1.67016
51 0.82034 1.67103
52 0.834506 1.67128
53 0.80974 1.67078
54 0.821724 1.67099
55 0.828071 1.6711
56 0.824807 1.67101
57 0.811457 1.67073
58 0.820009 1.67087
59 0.894453 1.67232
60 0.843609 1.6713
61 0.863561 1.67167
62 0.819187 1.67077
63 0.834687 1.67106
64 0.875549 1.67185
65 0.815521 1.67064
66 0.843156 1.67116
67 0.849253 1.67126
68 0.818829 1.67064
69 0.804553 1.67034
70 0.782289 1.66988
71 0.845144 1.6711
72 0.837339 1.67092
73 0.827311 1.67071
74 0.871816 1.67156
75 0.836849 1.67085
76 0.836659 1.67083
77 0.834316 1.67076
78 0.826491 1.67059
79 0.874296 1.67151
80 0.894957 1.6719
81 0.855419 1.67109
82 0.865657 1.67127
83 0.850647 1.67096
84 0.884369 1.6716
85 0.874171 1.67138
86 0.882253 1.67152
87 0.834209 1.67055
88 0.897986 1.67179
89 0.818371 1.6702
90 0.83494 1.6705
91 0.838706 1.67055
92 0.854994 1.67086
93 0.872477 1.67118
94 0.864959 1.67101
95 0.84441 1.67058
96 0.89234 1.67151
97 0.829136 1.67024
98 0.83664 1.67037
99 0.885696 1.67131
100 0.857454 1.67073
101 0.867583 1.67092
102 0.879543 1.67113
103 0.888563 1.67128
104 0.844726 1.6704
105 0.869316 1.67087
106 0.890504 1.67126
107 0.84573 1.67036
108 0.86371 1.67069
109 0.866707 1.67073
110 0.855163 1.67048
111 0.858401 1.67053
112 0.870434 1.67074
113 0.86736 1.67066
114 0.905954 1.6714
115 0.892856 1.67112
116 0.891834 1.67108
117 0.870897 1.67065
118 0.907996 1.67136
119 0.94709 1.6721
120 0.805836 1.67097
121 0.807566 1.67098
122 0.810587 1.67102
123 0.824216 1.67127
124 0.842621 1.67161
125 0.823743 1.67122
126 0.798674 1.67071
127 0.787357 1.67046
128 0.811689 1.67092
129 0.867513 1.672
130 0.798937 1.67063
131 0.60427 1.75364
132 0.62897 1.7543
133 0.611726 1.7538
134 0.638131 1.75451
135 0.651286 1.75485
136 0.65446 1.75492
137 0.607113 1.75359
138 0.604517 1.75349
139 0.609729 1.75361
140 0.632447 1.75422
141 0.647634 1.75462
142 0.651971 1.75471
143 0.628686 1.75405
144 0.602609 1.75331
145 0.654956 1.75473
146 0.623796 1.75385
147 0.638043 1.75422
148 0.643466 1.75435
149 0.616969 1.7536
150 0.658379 1.75471
151 0.685453 1.75544
152 0.652173 1.7545
153 0.678446 1.7552
154 0.686621 1.75541
155 0.667253 1.75485
156 0.678754 1.75515
157 0.653481 1.75443
158 0.624457 1.7536
159 0.635153 1.75388
160 0.59413 1.75272
161 0.631439 1.75373
162 0.675757 1.75493
163 0.647369 1.75413
164 0.640084 1.75391
165 0.652946 1.75424
166 0.668237 1.75464
167 0.677311 1.75487
168 0.662229 1.75443
169 0.65654 1.75425
170 0.684184 1.75499
171 0.611433 1.75471
172 0.600673 1.7544
173 0.629101 1.75516
174 0.615549 1.75476
175 0.559841 1.7532
176 0.600511 1.7543
177 0.63623 1.75527
178 0.635197 1.75522
179 0.613404 1.75459
180 0.603151 1.75429
181 0.581453 1.75367
182 0.615256 1.75458
183 0.62588 1.75485
184 0.607306 1.75431
185 0.616293 1.75454
186 0.621054 1.75465
187 0.618606 1.75456
188 0.608594 1.75426
189 0.615007 1.75442
190 0.670841 1.75594
191 0.632707 1.75486
192 0.647671 1.75525
193 0.614391 1.75431
194 0.626016 1.75462
195 0.656661 1.75544
196 0.611641 1.75417
197 0.632367 1.75472
198 0.63694 1.75482
199 0.614123 1.75418
200 0.603416 1.75386
201 0.586717 1.75337
202 0.633859 1.75465
203 0.628004 1.75447
204 0.620484 1.75424
205 0.653863 1.75514
206 0.627637 1.7544
207 0.627494 1.75437
208 0.625737 1.7543
209 0.61987 1.75411
210 0.655723 1.75508
211 0.671219 1.75549
212 0.641564 1.75465
213 0.649244 1.75484
214 0.637986 1.75451
215 0.663277 1.75518
216 0.655629 1.75495
217 0.66169 1.75509
218 0.625657 1.75408
219 0.67349 1.75537
220 0.613779 1.7537
221 0.626206 1.75403
222 0.62903 1.75408
223 0.641246 1.7544
224 0.654359 1.75474
225 0.64872 1.75456
226 0.633309 1.75411
227 0.669256 1.75508
228 0.621853 1.75375
229 0.62748 1.75388
230 0.664273 1.75488
231 0.643091 1.75427
232 0.650687 1.75446
233 0.659659 1.75469
234 0.666423 1.75485
235 0.633544 1.75392
236 0.651989 1.75441
237 0.667879 1.75482
238 0.634299 1.75388
239 0.647783 1.75423
240 0.650031 1.75427
241 0.641373 1.75401
242 0.643801 1.75405
243 0.652826 1.75428
244 0.65052 1.75419
245 0.679466 1.75497
246 0.669643 1.75468
247 0.668877 1.75463
248 0.653174 1.75418
249 0.680997 1.75492
250 0.710319 1.75571
251 0.604377 1.75452
252 0.605674 1.75453
253 0.607941 1.75458
254 0.618161 1.75484
255 0.631967 1.75519
256 0.617807 1.75478
257 0.599007 1.75424
258 0.590519 1.75398
259 0.608767 1.75447
260 0.650636 1.7556
261 0.599203 1.75416
