0 BACKPROP 0 0.41236 0.0278792 0 0.119081 0.00107716
1 BFS 0 0.0453996 0 0 0.0241473 0.000177031
2 BLACKSCHOLES_10M 0 0.481653 0.0176594 0.0881807 0.112116 0.112116
3 BODYTRACK 0 0.679055 0.00789281 0.0071883 0.101534 0.000239057
4 FACESIM 0 0.251038 0.0621541 0.0610215 0.184046 0.0226486
5 FERRET 0 0.317008 0.0731364 0.0726437 0.205335 0.0450435
6 HEARTWALL 0 0.39423 0.0551662 0.156202 0.176829 0.0230284
7 HOTSPOT 0 0.0953214 0.132688 0.00766937 0.179311 0.0188798
8 JACOBI 0 0.0139602 0.0891917 0 0.176987 0.0179443
9 KMEANS 0 0.30416 0.0180583 0.0175031 0.113516 0.0189224
10 KMEANSNF 0 0.566075 0.133157 0.02953 0.052048 0.0522594
11 LAVAMD 0 0.179122 0 0.0982301 0.232866 0.134918
12 LEUKOCYTE 0 0.612022 0 0 0.0733449 0
13 LUD 0 0.742169 0.305081 0 0.0118887 0.0150553
14 NW 0 0.11726 0.125358 0.211736 0.236774 0.175902
15 SHA 0 0.158579 0.0167468 0.0162467 0.093593 0.00024406
16 SRAD 0 0.318631 0.809863 0.703009 0.231356 0.815353
17 STREAM 0 0 1.2105 0.965985 1.47717 0.950223
18 STREAM_threads 0 0.0576336 0.185742 0 0.328127 0.00459603
19 X264_ducks 0 0.764247 0.0612714 0.0606388 0.192468 0.0198566
20 X264_native 0 0.801247 0.0712143 0.0705801 0.193255 0.0211626
21 AVERAGE 0 0.300959 0.117206 0.0886143 0.1767 0.0801994
