0 BACKPROP 0 0.509655 0.614963 0.390195 0.493268 0.526176
1 BFS 0 0.505338 0.37139 0.316757 0.367043 0.372412
2 BLACKSCHOLES_10M 0 0.686674 0.527736 0.321439 0.385587 0.385587
3 BODYTRACK 0 4.879 0.400155 0.364667 0.392615 0.435136
4 FACESIM 0 4.99668 0.423597 0.352027 0.403936 0.435065
5 FERRET 0 4.99717 0.349961 0.31638 0.350604 0.411948
6 HEARTWALL 0 1.70889 0.475999 0.347197 0.402629 0.437513
7 HOTSPOT 0 0.460914 0.36172 0.306717 0.334631 0.346582
8 JACOBI 0 5 0.370791 0.852637 0.375344 0.38991
9 KMEANS 0 4.97679 0.335357 0.304574 0.33714 0.392045
10 KMEANSNF 0 4.95079 0.354459 0.370696 0.349943 0.384867
11 LAVAMD 0 2.1914 4.95978 0.364621 0.442093 0.406257
12 LEUKOCYTE 0 5 0.401344 0.330189 0.348945 0.36595
13 LUD 0 5 0.363153 0.397729 0.330275 0.433898
14 NW 0 0.652397 0.440004 0.338785 0.412972 0.41327
15 SHA 0 4.79178 0.349938 0.323224 0.359624 0.396977
16 SRAD 0 5 0.338421 0.318349 0.37652 0.355568
17 STREAM 0 3.39124 0.341312 0.521309 0.333903 0.525947
18 STREAM_threads 0 2.98009 0.380978 0.448296 0.372537 0.39075
19 X264_ducks 0 4.99552 0.364768 0.328319 0.344232 0.379531
20 X264_native 0 5 0.359957 0.335604 0.359887 0.396985
21 AVERAGE 0 3.46068 0.613609 0.378558 0.374939 0.408684
