0 BACKPROP 0 12.8562 2.7258 3.59027 3.6706 2.72652
1 BFS 0 2.73591 8.40938 4.62739 4.78586 2.85259
2 BLACKSCHOLES_10M 0 2.65825 10.7519 3.40343 2.46049 2.67116
3 BODYTRACK 0 2.77941 10.8222 3.53663 7.85612 2.68276
4 FACESIM 0 3.06055 3.05076 4.31596 11.5068 2.95632
5 FERRET 0 2.92533 6.50491 3.28859 12.874 2.75383
6 HEARTWALL 0 2.73407 7.96928 3.36379 3.94509 2.6548
7 HOTSPOT 0 2.8035 12.2213 12.2213 4.46695 2.94273
8 JACOBI 0 41.1336 3.26686 4.11692 14.3771 2.82674
9 KMEANS 0 2.68977 9.71067 3.14336 9.00391 2.5051
10 KMEANSNF 0 2.80463 2.72353 4.81107 10.7792 2.79804
11 LAVAMD 0 8.07419 3.84187 4.02691 2.48044 2.73928
12 LEUKOCYTE 0 2.79209 2.68501 3.15109 11.4637 2.77375
13 LUD 0 53.9197 3.48776 9.90441 9.46091 3.2364
14 NW 0 3.55783 3.13227 3.19923 6.22027 2.56618
15 SHA 0 2.87572 14.6638 4.62306 8.32119 2.74471
16 SRAD 0 4.46142 2.82534 3.47267 16.1264 3.19879
17 STREAM 0 2.21801 2.89613 5.32573 25.5549 3.43832
18 STREAM_threads 0 28.5551 2.95855 3.35453 5.62932 3.18757
19 X264_ducks 0 2.76132 3.94353 3.4233 16.5764 2.46576
20 X264_native 0 2.99845 5.37771 3.57251 12.7489 2.71754
21 AVERAGE 0 9.11405 5.90326 4.49867 9.5385 2.83042
