0 BACKPROP 0 0.369728 0.0732516 0 0 0
1 BFS 0 0.125471 0 0 0 0.126637
2 BLACKSCHOLES_10M 0 0.392771 0.0485599 0.165037 0.0146938 0.0146938
3 BODYTRACK 0 0.431729 0 0.432076 0 0.1255
4 FACESIM 0 0.875849 0.212054 0.212627 0.088292 0.264552
5 FERRET 0 0.334844 0.0663664 0.334925 0.0276352 0
6 HEARTWALL 0 0.367032 0.0767983 0.367525 0.0161683 0.124494
7 HOTSPOT 0 0.0868927 0 0 0 0.0452357
8 JACOBI 0 2.56775 1.12725 0.544602 0.90902 0.18124
9 KMEANS 0 0.354557 0 0.354788 0 0.187072
10 KMEANSNF 0 1.39651 0.773911 0.0183839 0.533855 0
11 LAVAMD 0 0.677081 0.247913 0.138611 0.109544 0.0399518
12 LEUKOCYTE 0 0.902635 0.597998 0.440175 0.486746 0.309681
13 LUD 0 8.36461 0.178809 8.36461 1.69234 0
14 NW 0 0.571489 0 0 0 0.0181775
15 SHA 0 0.35702 0 0.357445 0 0.132539
16 SRAD 0 1.6672 0.216963 1.66738 0.458693 0
17 STREAM 0 0.729296 0.550984 0 0.505324 0
18 STREAM_threads 0 3.8095 1.87017 0.0657538 2.29875 1.32153
19 X264_ducks 0 0.350466 0.181445 0.350592 0.0678547 0.0137433
20 X264_native 0 0.303247 0.0687769 0.303285 0.0259799 0
21 AVERAGE 0 0.656743 0.201158 0.275346 0.196799 0.0997737
