0 BACKPROP 1 0.698012 0.79902 0.903025 0.94531 0.944113
1 BFS 1 0.865466 0.91411 0.91411 0.885681 0.912002
2 BLACKSCHOLES_10M 1 0.32922 0.421463 0.919557 0.94939 0.94939
3 BODYTRACK 1 0.693764 0.958155 0.989313 0.914068 0.991026
4 FACESIM 1 0.653624 0.951245 0.951255 0.803683 0.987852
5 FERRET 1 0.664227 1 0.981708 0.861004 0.971809
6 HEARTWALL 1 0.45867 0.640182 0.62336 0.923391 0.945023
7 HOTSPOT 1 0.832776 0.862111 0.862111 0.832317 0.857724
8 JACOBI 1 0.647908 0.961543 0.961416 0.644681 0.924365
9 KMEANS 1 0.617771 0.910456 0.947988 0.885431 0.999371
10 KMEANSNF 1 0.350724 0.598709 0.474517 0.901729 0.944562
11 LAVAMD 1 0.244667 0.316402 0.738556 0.721437 0.850132
12 LEUKOCYTE 1 0.527593 0.740359 0.914877 0.687262 0.968924
13 LUD 1 0.068358 0.835402 0.917684 0.920034 0.980224
14 NW 1 0.669273 0.872909 0.916692 0.876516 0.985294
15 SHA 1 0.728433 0.999348 1 0.93137 0.996094
16 SRAD 1 0.440251 0.744671 0.878343 0.736597 0.835052
17 STREAM 1 0.889956 0.972817 0.999092 0.563492 0.988171
18 STREAM_threads 1 0.775009 0.835145 1 0.502726 0.996854
19 X264_ducks 1 0.638809 0.959443 0.963152 0.880449 0.968263
20 X264_native 1 0.655072 1 0.974359 0.864116 0.955616
21 AVERAGE 1 0.592837 0.8235 0.89672 0.820509 0.950089
