0 BACKPROP 0 5.72722 3.19448 3.7343 3.33582 3.06294
1 BFS 0 4.39685 4.34863 4.39975 4.88411 3.38193
2 BLACKSCHOLES_10M 0 4.11406 3.73385 4.29314 4.39791 3.6389
3 BODYTRACK 0 3.66898 3.9226 3.66854 4.93654 3.5084
4 FACESIM 0 3.60435 3.60142 3.68548 4.38738 3.48378
5 FERRET 0 4.66748 3.31217 4.66596 4.98611 3.30751
6 HEARTWALL 0 3.73771 3.51592 3.78589 4.75369 3.48498
7 HOTSPOT 0 5.26198 5.5931 5.61908 5.76807 3.13691
8 JACOBI 0 4.59806 3.25644 3.3589 6.45336 3.19336
9 KMEANS 0 5.21437 3.97349 5.21093 4.53435 3.60988
10 KMEANSNF 0 9.78972 6.23517 9.78586 5.80374 3.47263
11 LAVAMD 0 14.9468 3.26205 3.93225 3.24227 3.1761
12 LEUKOCYTE 0 3.66778 3.61933 3.77741 6.7102 3.45297
13 LUD 0 73.8526 3.35593 73.8526 5.54903 3.68743
14 NW 0 3.21813 3.30286 3.35834 3.49606 3.00283
15 SHA 0 3.55659 4.39141 3.68347 5.31763 3.58244
16 SRAD 0 4.23386 3.66261 6.82957 7.27598 3.56609
17 STREAM 0 14.4002 3.25619 3.35031 10.6412 3.26176
18 STREAM_threads 0 48.4405 9.58743 3.6468 9.5824 3.19304
19 X264_ducks 0 5.34233 3.20581 5.33468 6.53808 3.28705
20 X264_native 0 4.42391 3.31342 4.42699 5.19822 3.44771
21 AVERAGE 0 10.9935 4.0783 7.82858 5.60915 3.37803
