0 BACKPROP 0 0.662897 0.055848 0 0.172989 0.00195983
1 BFS 0 0.070634 0.00375606 0.0113811 0.0291496 0.00364927
2 BLACKSCHOLES_10M 0 0.215974 0.050769 0.16724 0.180098 0.180098
3 BODYTRACK 0 0.667943 0 0 0.0502348 0.00483123
4 FACESIM 0 0.308164 0.0487875 0.0476086 0.200048 0.0209082
5 FERRET 0 0.283883 0 0 0.0343048 0.0227354
6 HEARTWALL 0 0.226148 0.0760162 0.224942 0.234896 0.0114476
7 HOTSPOT 0 0.0286383 0.184102 0.029263 0.237642 0.0346729
8 JACOBI 0 0.0476953 0.149302 0.0162385 0.25743 0.0262705
9 KMEANS 0 0.656466 0 0 0.0254496 0.0132226
10 KMEANSNF 0 0.842605 0 0.0676244 0.0789942 0.0789407
11 LAVAMD 0 0.790042 0.0239659 0.241651 0.458442 0.266185
12 LEUKOCYTE 0 0.136768 0 0 0.10165 0
13 LUD 0 0.428072 0.213691 0.0110017 0.0224384 0.0209509
14 NW 0 0.550647 0.177033 0.315855 0.329073 0.243818
15 SHA 0 0.661342 0 0 0.0468946 0.0125085
16 SRAD 0 0.445642 1.26153 1.0647 0.315324 0.595316
17 STREAM 0 0 1.90893 1.55887 0.837266 0.280057
18 STREAM_threads 0 0.110405 0.296983 0 0.490231 0.0069885
19 X264_ducks 0 0.375319 0 0 0.0705435 0.0108116
20 X264_native 0 0.259073 0 0 0.0455647 0.0158926
21 AVERAGE 0 0.32173 0.123019 0.108869 0.174229 0.0728912
