0 BACKPROP 0 0.0454521 0.0941111 0.0865243 0.134904 0.0308566
1 BFS 0 0.0473387 0 0 0.155669 0.0181361
2 BLACKSCHOLES_10M 0 1.10545 0.866682 1.06105 0.535933 0.114454
3 BODYTRACK 0 0.0911563 0 0.00954117 0.101951 0.0235928
4 FACESIM 0 0.161711 0.0649208 0.161715 0.353574 0.0404106
5 FERRET 0 0.151629 0 0.0445261 0.178888 0.0192942
6 HEARTWALL 0 0.186577 0.013841 0.133179 0.0555449 0.0259704
7 HOTSPOT 0 0.00785624 0 0 0.0560911 0.0187356
8 JACOBI 0 0.19658 0.411947 0.0202135 0.998613 0.091982
9 KMEANS 0 0.22744 0 0.0129978 0.137125 0.0189795
10 KMEANSNF 0 0.899534 0.0711937 0.183729 0.119167 0.06073
11 LAVAMD 0 2.22777 2.96197 2.96171 0.744427 0.223795
12 LEUKOCYTE 0 0 0.604418 0.604284 0.927276 0.0622409
13 LUD 0 10.6754 0 0.483462 0.112811 0.0463327
14 NW 0 0 0 0.063582 0.167516 0.0246353
15 SHA 0 0.164749 0 0 0.0727738 0.0182138
16 SRAD 0 0.25706 0.0356534 0.24088 0.428537 0.0598003
17 STREAM 0 0.00213153 0.261545 0.127452 0.890538 0.0610271
18 STREAM_threads 0 0.211353 0.711291 0 1.43844 0.103831
19 X264_ducks 0 0.185569 0 0.0772554 0.249043 0.024096
20 X264_native 0 0.161028 0 0.0605421 0.194321 0.022862
21 AVERAGE 0 0.263432 0.151623 0.169071 0.303056 0.050875
