0 BACKPROP 0 2.02508 2.07829 1.68423 1.84445 1.52761
1 BFS 0 1.91859 7.90401 1.55467 3.39561 1.59638
2 BLACKSCHOLES_10M 0 1.80854 12.8391 1.62273 1.80338 1.80338
3 BODYTRACK 0 2.78336 12.075 6.74285 6.42736 1.87385
4 FACESIM 0 2.14778 2.01745 1.66907 7.5828 1.91409
5 FERRET 0 1.9194 9.00815 1.57077 10.6107 2.13137
6 HEARTWALL 0 2.05355 10.3748 1.77963 2.11667 1.76154
7 HOTSPOT 0 2.42971 10.7618 2.3412 2.72133 1.4516
8 JACOBI 0 21.3068 2.88411 1.67767 9.32033 1.7182
9 KMEANS 0 1.86414 11.3899 2.04841 9.4855 1.88585
10 KMEANSNF 0 5.53351 4.30894 5.55311 2.88916 2.27485
11 LAVAMD 0 16.0473 2.09623 1.68318 1.95365 1.8163
12 LEUKOCYTE 0 1.75013 2.33176 1.59558 4.17376 1.72952
13 LUD 0 6.58639 7.75958 1.72423 3.69448 1.97547
14 NW 0 2.20354 2.35261 1.57389 3.61001 1.74568
15 SHA 0 2.17535 14.4779 9.9156 6.80359 1.66429
16 SRAD 0 3.85543 8.12572 1.78043 8.81114 2.36942
17 STREAM 0 1.51433 2.84519 1.6312 20.2347 18.5496
18 STREAM_threads 0 8.48371 3.8797 1.73971 7.8064 1.86065
19 X264_ducks 0 1.78524 7.13572 1.47291 7.82604 1.84546
20 X264_native 0 1.86097 7.48006 1.54671 8.66089 1.9662
21 AVERAGE 0 4.38347 6.86314 2.51942 6.27485 2.64101
