0 BACKPROP 0 0 0
1 BFS 0 0 0.101854
2 BLACKSCHOLES_10M 0 0 0
3 BODYTRACK 0.262174 0 0.125254
4 FACESIM 0 0 0.238039
5 FERRET 0.222052 0.0104746 0
6 HEARTWALL 0.232398 0.00116135 0.126621
7 HOTSPOT 0 0 0.0506144
8 JACOBI 0.325972 0.899591 0.467849
9 KMEANS 0.147202 0 0.0899266
10 KMEANSNF 0 0.668146 0
11 LAVAMD 0 0 0.0150007
12 LEUKOCYTE 0.00590871 0.187369 0.0221489
13 LUD 7.44217 1.42752 0
14 NW 0 0 0.00614959
15 SHA 0.241496 0 0.14414
16 SRAD 1.37031 0.450206 0
17 STREAM 0 0.254003 0
18 STREAM_threads 0 1.76633 1.21779
19 X264_ducks 0.151213 0.00223699 0
20 X264_native 0.131976 0 0
21 AVERAGE 0.157671 0.152911 0.0867014
