0 BACKPROP 1 0.994312 0.998933
1 BFS 1 0.940299 0.999661
2 BLACKSCHOLES_10M 1 0.995827 0.99592
3 BODYTRACK 0.988649 0.985284 0.98668
4 FACESIM 1 0.999223 0.999931
5 FERRET 0.927498 0.99177 0.992761
6 HEARTWALL 1 0.999378 0.999893
7 HOTSPOT 0.98717 0.903579 0.979229
8 JACOBI 0.98757 0.907789 0.911689
9 KMEANS 0.984889 0.966059 0.966923
10 KMEANSNF 0.96436 0.966529 0.966465
11 LAVAMD 0.993144 0.907803 0.962719
12 LEUKOCYTE 1 0.844529 0.848046
13 LUD 1 0.613919 0.984388
14 NW 0.912389 0.895266 0.896022
15 SHA 0.979087 0.995316 0.996662
16 SRAD 0.613165 0.483957 0.533291
17 STREAM 1 0.449165 0.991108
18 STREAM_threads 1 0.885754 0.997648
19 X264_ducks 0.937418 0.999301 0.980725
20 X264_native 0.928346 0.998783 0.979244
21 AVERAGE 0.96208 0.891612 0.950854
