0 BACKPROP 0.0585175 0 0 3.15908 7.18703
1 BFS 0.018155 0 0.0092725 3.37614 7.45471
2 BLACKSCHOLES_10M 13.8125 0 0 3.67049 6.44691
3 BODYTRACK 27.0371 0.0042775 0.0106825 3.27476 3.79797
4 FACESIM 0 0 0 3.41417 5.25847
5 FERRET 3.45529 0.0560875 0.0586925 3.0945 3.73482
6 HEARTWALL 22.7543 0 0 3.15585 5.01378
7 HOTSPOT 0.0029975 0 0 3.40822 7.67261
8 JACOBI 0 0 0 3.22317 5.82198
9 KMEANS 17.3317 0.0336775 0.039165 2.99322 3.65099
10 KMEANSNF 20.5034 0.0751175 0 3.53189 5.80014
11 LAVAMD 0.109603 0 0 3.73184 8.97044
12 LEUKOCYTE 18.4762 0 0.0135625 3.1807 5.22091
13 LUD 0.080475 0.087905 0 3.3357 7.67906
14 NW 0 0 0 3.22709 5.89279
15 SHA 0.114343 0.0066625 0.0233025 3.38561 4.14638
16 SRAD 0 0.11859 0.1245 3.19881 6.39572
17 STREAM 0 18.372 16.2982 8.08689 11.7944
18 STREAM_threads 0 0 0 3.1243 7.97713
19 X264_ducks 47.0933 0.132993 0.159305 3.36476 4.23724
20 X264_native 39.8426 0.01067 0.0104975 3.14615 4.17295
21 AVERAGE 10.0329 0.899904 0.797485 3.52778 6.11078
