0 BACKPROP 28.823 8.27199 8.9676 3.88773 3.35781
1 BFS 12.5278 23.2088 17.4242 6.82435 4.31525
2 BLACKSCHOLES_10M 9.94166 26.305 13.8192 4.02479 4.15041
3 BODYTRACK 7.03034 25.5664 13.6148 8.7118 3.53366
4 FACESIM 8.00666 9.09778 8.01406 9.55308 3.59303
5 FERRET 5.25976 20.7351 10.7795 10.7327 5.50043
6 HEARTWALL 8.31015 22.4442 11.4833 4.76476 4.16473
7 HOTSPOT 12.447 27.4323 27.4323 7.28503 4.67805
8 JACOBI 64.0062 0.285109 5.91866 13.194 3.71582
9 KMEANS 4.31644 24.4907 12.9273 9.39354 5.26543
10 KMEANSNF 7.34504 11.2236 3.71589 12.9277 6.75374
11 LAVAMD 22.5188 16.1516 16.1323 3.61668 3.81885
12 LEUKOCYTE 12.7976 11.9031 11.9083 10.1498 3.98219
13 LUD 79.8745 15.2634 0.400867 8.85049 24.6282
14 NW 15.624 14.3541 12.5188 7.04786 3.76623
15 SHA 12.1081 30.7726 16.9968 9.53376 4.27362
16 SRAD 17.0367 9.24497 11.3146 14.3773 4.77513
17 STREAM 16.8735 7.3191 9.29091 23.966 10.233
18 STREAM_threads 48.2575 0.689858 9.04958 11.3831 8.12546
19 X264_ducks 18.9672 29.4875 22.8588 26.6959 17.1114
20 X264_native 4.72332 19.8572 10.3669 10.4872 5.39841
21 AVERAGE 19.8474 16.8621 12.1397 10.3527 6.43528
