0 BACKPROP 8.1596 3.8829 4.27741
1 BFS 26.6167 6.35747 5.18167
2 BLACKSCHOLES_10M 4.32792 3.81011 3.81011
3 BODYTRACK 15.0241 10.0475 4.07133
4 FACESIM 3.94711 12.432 3.77803
5 FERRET 11.0213 13.989 4.22452
6 HEARTWALL 13.16 4.67455 3.83613
7 HOTSPOT 32.2047 6.28513 4.8229
8 JACOBI 0.0720325 17.4423 3.8527
9 KMEANS 14.5728 12.8373 4.43459
10 KMEANSNF 21.7522 7.32558 3.6977
11 LAVAMD 0.121618 4.18041 3.92679
12 LEUKOCYTE 0.565937 7.94467 3.63958
13 LUD 11.9146 8.34228 4.14856
14 NW 8.78237 6.7123 3.92453
15 SHA 21.3024 9.35313 3.81567
16 SRAD 8.51756 20.4407 4.37284
17 STREAM 0.124484 30.561 4.6799
18 STREAM_threads 4.22346 10.7256 3.403
19 X264_ducks 9.27212 12.7899 4.53066
20 X264_native 9.78878 12.841 4.42882
21 AVERAGE 10.7368 10.6178 4.13607
