0 BACKPROP 0.687997 0.0627399 0 0.182272 0.149698
1 BFS 0.0385176 0 0 0.0340117 0.107079
2 BLACKSCHOLES_10M 0.223521 0.0507546 0.170567 0.181622 0.331796
3 BODYTRACK 0.51334 0 0 0.0832969 0.106519
4 FACESIM 0.224789 0 0 0.178689 0.123098
5 FERRET 0.140044 0 0 0.0789931 0.0809338
6 HEARTWALL 0.153578 0.0109751 0.153582 0.161516 0.171292
7 HOTSPOT 0.0266066 0.183515 0.0272678 0.248212 0.197453
8 JACOBI 0.0611802 0.163025 0.0181806 0.341333 0.126016
9 KMEANS 0.466261 0 0 0.060919 0.0996443
10 KMEANSNF 0.842635 0 0.0524333 0.0620909 0.200276
11 LAVAMD 0.87971 0.107568 0.257398 0.485211 0.504812
12 LEUKOCYTE 0.105355 0 0 0.091061 0.11742
13 LUD 0.430844 0.211917 0.00702501 0.0171067 0.205384
14 NW 0.360594 0.0257536 0.146282 0.171882 0.193946
15 SHA 0.451885 0 0 0.0741462 0.101501
16 SRAD 0.459228 1.26814 1.07056 0.320871 0.462797
17 STREAM 0 1.98574 1.6261 0.757324 0.164788
18 STREAM_threads 0.118961 0.315921 0 0.637141 0.115987
19 X264_ducks 0.0432968 0 0 0.114353 0.0599385
20 X264_native 0.152107 0 0 0.0718045 0.0885977
21 AVERAGE 0.257498 0.115525 0.0965261 0.181507 0.166834
