0 BACKPROP 1 0.913577 0.957659
1 BFS 1 0.875877 0.928293
2 BLACKSCHOLES_10M 1 0.780084 0.780084
3 BODYTRACK 1 0.932541 0.9952
4 FACESIM 1 0.795922 0.965409
5 FERRET 1 0.880045 0.987139
6 HEARTWALL 0.858446 0.926969 0.935765
7 HOTSPOT 0.996852 0.903909 0.940581
8 JACOBI 0.961579 0.600986 0.934029
9 KMEANS 1 0.894937 0.999635
10 KMEANSNF 0.59981 0.930016 0.961883
11 LAVAMD 0.75483 0.678672 0.814802
12 LEUKOCYTE 0.936795 0.615835 0.945495
13 LUD 1 0.928019 0.969222
14 NW 1 0.863496 0.962036
15 SHA 1 0.94835 0.992687
16 SRAD 0.894075 0.750242 0.850822
17 STREAM 0.998155 0.548463 0.988347
18 STREAM_threads 1 0.463801 0.97422
19 X264_ducks 1 0.881774 0.981099
20 X264_native 1 0.895602 0.98482
21 AVERAGE 0.952407 0.809958 0.945201
