0 BACKPROP 0 0 0 0 0
1 BFS 0 0 0 0 0.0677304
2 BLACKSCHOLES_10M 0.0215402 0 0 0.0561413 0.0677635
3 BODYTRACK 0 0 0 0 0.113618
4 FACESIM 0 0 0 0.0913206 0.150051
5 FERRET 0 0 0 0.043789 0.139887
6 HEARTWALL 0 0 0 0 0.115578
7 HOTSPOT 0 0 0 0 0.0397399
8 JACOBI 0.0850365 0.296096 0 0.830707 0.575116
9 KMEANS 0 0 0 0 0.149657
10 KMEANSNF 0.666239 0 0.041377 0.466383 0.46202
11 LAVAMD 0 0 0 0.0663789 0.112877
12 LEUKOCYTE 0 0.111933 0.111946 0.487108 0.22598
13 LUD 8.58754 0 0.242656 0.0491044 0.675311
14 NW 0 0 0 0 0.0202905
15 SHA 0 0 0 0 0.107491
16 SRAD 0.0520148 0 0.0409402 0.190954 0.114233
17 STREAM 0 0 0 0.346459 0.350195
18 STREAM_threads 0.0974804 0.570702 0 1.58429 0.814526
19 X264_ducks 0 0 0 0.0362458 0
20 X264_native 0 0 0 0.0347179 0.104046
21 AVERAGE 0.0787638 0.0340984 0.0181827 0.134304 0.176212
