0 BACKPROP 29.4443 0.152965 0.126798 3.16149 4.95921
1 BFS 15.578 14.3203 21.8347 3.58756 4.84412
2 BLACKSCHOLES_10M 0.365895 0.198942 0.134885 3.66976 4.18143
3 BODYTRACK 9.80089 25.4161 17.8117 4.26222 3.56631
4 FACESIM 5.15597 11.9652 11.9842 4.856 4.12067
5 FERRET 0.422297 31.8476 25.4064 5.29528 3.70691
6 HEARTWALL 0.177454 4.05941 0.175782 3.12541 3.54595
7 HOTSPOT 10.4867 8.25713 18.2754 3.67069 4.99101
8 JACOBI 17.2281 13.8062 0 4.97701 4.68748
9 KMEANS 12.1902 31.68 25.8271 5.06334 3.58682
10 KMEANSNF 0.180769 5.58445 0.175902 3.53075 4.34739
11 LAVAMD 44.6343 0 0 3.61721 5.63415
12 LEUKOCYTE 0.0929442 8.88533 8.88926 3.31446 4.23579
13 LUD 5.45962 24.1125 0.221075 3.51459 5.54784
14 NW 2.57377 4.68709 0.817933 3.3237 3.86434
15 SHA 9.34203 30.0264 22.456 4.2933 3.61423
16 SRAD 0.179829 53.6448 44.7948 4.43922 5.31363
17 STREAM 0.0727483 71.9146 70.343 36.7905 11.127
18 STREAM_threads 0.62113 10.904 0.0499083 4.33385 5.6648
19 X264_ducks 5.55932 35.2488 29.1256 3.71887 3.68419
20 X264_native 0.157667 26.7004 19.6292 4.88609 3.81855
21 AVERAGE 8.08209 19.6863 15.1466 5.59197 4.71628
