0 0.54353 1.38734
1 1.01743 2.4081
2 0.97276 2.36847
3 1.0421 2.43031
4 1.02045 2.33666
5 1.00437 2.29104
6 0.927534 2.27955
7 0.992487 2.44132
8 1.00825 2.45827
9 1.03761 2.44068
10 1.02421 2.35716
11 1.00624 2.30317
12 0.964129 2.28836
13 0.958146 2.36752
14 1.08451 2.46302
15 0.949977 2.27295
16 1.02188 2.38523
17 1.00842 2.33649
18 0.958723 2.31669
19 1.06582 2.41045
20 1.03867 2.26423
21 0.948564 2.17658
22 1.04168 2.29247
23 1.00921 2.19952
24 0.971074 2.17823
25 1.0187 2.24328
26 0.961544 2.20056
27 0.956616 2.28545
28 1.01635 2.38275
29 0.935424 2.34466
30 1.05831 2.4903
31 1.0706 2.36162
32 0.953721 2.20276
33 0.989593 2.30589
34 1.02017 2.32959
35 1.02286 2.28504
36 1.01239 2.23423
37 0.976937 2.20597
38 0.992366 2.25729
39 1.04237 2.27532
40 0.890776 2.18024
41 0.978317 2.42398
42 1.04608 2.47352
43 0.978921 2.36995
44 0.908893 2.41493
45 1.061 2.62007
46 1.06305 2.48511
47 0.998319 2.34405
48 0.96569 2.34697
49 0.982106 2.42325
50 0.963143 2.46237
51 1.05481 2.54604
52 1.01906 2.42389
53 0.970606 2.38056
54 1.01347 2.44658
55 1.00814 2.41662
56 0.996243 2.3983
57 0.983717 2.40629
58 1.00984 2.4429
59 1.09113 2.42301
60 0.938394 2.21777
61 1.02336 2.35603
62 0.948196 2.30256
63 1.01716 2.41876
64 1.04923 2.38152
65 0.929923 2.26979
66 1.03115 2.42716
67 1.00739 2.35766
68 0.964161 2.34027
69 0.981374 2.41992
70 0.971409 2.46087
71 1.07797 2.52658
72 0.99098 2.35203
73 0.987917 2.37188
74 1.05349 2.40011
75 0.95842 2.27953
76 0.99925 2.37244
77 0.99719 2.37401
78 0.990579 2.38004
79 1.05759 2.40242
80 1.02177 2.27417
81 0.954656 2.22442
82 1.0124 2.32604
83 0.982399 2.29788
84 1.03971 2.33813
85 0.986763 2.24903
86 1.00967 2.27882
87 0.94517 2.2559
88 1.07553 2.38019
89 0.907241 2.20918
90 1.01699 2.41688
91 1.00476 2.37898
92 1.01947 2.36876
93 1.02027 2.32569
94 0.99079 2.28013
95 0.976429 2.30013
96 1.05667 2.35412
97 0.926386 2.22571
98 1.00744 2.39037
99 1.05874 2.37509
100 0.965551 2.24299
101 1.01222 2.32024
102 1.01349 2.29321
103 1.00974 2.26326
104 0.950217 2.2403
105 1.02894 2.3522
106 1.02361 2.28805
107 0.948583 2.23405
108 1.02115 2.34941
109 1.00306 2.3022
110 0.986611 2.29501
111 1.00391 2.32499
112 1.01397 2.31656
113 0.996091 2.28523
114 1.04459 2.29498
115 0.982511 2.19491
116 0.999791 2.23395
117 0.976534 2.23384
118 1.04327 2.28725
119 1.03983 2.19148
120 0.846871 2.10095
121 0.994601 2.44327
122 1.00349 2.45539
123 1.01697 2.44796
124 1.02281 2.41052
125 0.977723 2.35896
126 0.968963 2.40802
127 0.984067 2.47703
128 1.02974 2.51332
129 1.07012 2.44843
130 0.919427 2.28972
131 0.695401 2.40269
132 0.848623 2.79903
133 0.825357 2.79824
134 0.860984 2.79937
135 0.878733 2.79991
136 0.883014 2.80002
137 0.819133 2.79789
138 0.81563 2.79775
139 0.822661 2.79794
140 0.853314 2.79891
141 0.873806 2.79954
142 0.879657 2.7997
143 0.848239 2.79864
144 0.813056 2.79745
145 0.883684 2.79973
146 0.841643 2.79832
147 0.860864 2.79891
148 0.86818 2.79912
149 0.83243 2.79791
150 0.888301 2.7997
151 0.92483 2.80086
152 0.879929 2.79936
153 0.915377 2.80048
154 0.926409 2.8008
155 0.900276 2.79992
156 0.915794 2.80039
157 0.881694 2.79924
158 0.842533 2.79793
159 0.856964 2.79836
160 0.801616 2.79652
161 0.851953 2.79813
162 0.911749 2.80004
163 0.873447 2.79876
164 0.863619 2.79841
165 0.880973 2.79893
166 0.901603 2.79957
167 0.913847 2.79994
168 0.893496 2.79924
169 0.885821 2.79896
170 0.92312 2.80014
171 0.824963 2.7997
172 0.810444 2.79919
173 0.8488 2.8004
174 0.830516 2.79977
175 0.755353 2.79728
176 0.810227 2.79904
177 0.858419 2.80058
178 0.857026 2.8005
179 0.827623 2.79951
180 0.813789 2.79902
181 0.784513 2.79803
182 0.830119 2.79948
183 0.844454 2.79991
184 0.819393 2.79906
185 0.83152 2.79942
186 0.837943 2.79959
187 0.834639 2.79945
188 0.821131 2.79898
189 0.829784 2.79922
190 0.905116 2.80165
191 0.853664 2.79993
192 0.873856 2.80056
193 0.828953 2.79905
194 0.844639 2.79953
195 0.885986 2.80085
196 0.825243 2.79883
197 0.853207 2.79971
198 0.859376 2.79987
199 0.82859 2.79883
200 0.814144 2.79833
201 0.791614 2.79756
202 0.855219 2.7996
203 0.847321 2.79931
204 0.837173 2.79894
205 0.882209 2.80037
206 0.846826 2.79919
207 0.846633 2.79914
208 0.844261 2.79903
209 0.836344 2.79874
210 0.884719 2.80028
211 0.905626 2.80093
212 0.865616 2.79959
213 0.875977 2.79989
214 0.860787 2.79936
215 0.89491 2.80044
216 0.884591 2.80007
217 0.89277 2.8003
218 0.844153 2.79868
219 0.90869 2.80075
220 0.828127 2.79809
221 0.844893 2.7986
222 0.848704 2.79869
223 0.865186 2.79919
224 0.882879 2.79973
225 0.87527 2.79945
226 0.854476 2.79874
227 0.902977 2.80028
228 0.83902 2.79816
229 0.846613 2.79837
230 0.896254 2.79996
231 0.867676 2.79899
232 0.877924 2.79929
233 0.890029 2.79965
234 0.899154 2.79991
235 0.854796 2.79843
236 0.87968 2.79921
237 0.90112 2.79987
238 0.855813 2.79836
239 0.874006 2.79892
240 0.877039 2.79898
241 0.865357 2.79856
242 0.868634 2.79864
243 0.88081 2.799
244 0.8777 2.79886
245 0.916753 2.8001
246 0.9035 2.79964
247 0.902466 2.79957
248 0.88128 2.79884
249 0.91882 2.80003
250 0.958381 2.80129
251 0.815441 2.79938
252 0.817193 2.79941
253 0.82025 2.79947
254 0.83404 2.79989
255 0.852666 2.80046
256 0.833563 2.7998
257 0.808196 2.79894
258 0.796743 2.79853
259 0.821364 2.7993
260 0.877854 2.80111
261 0.808461 2.79881
