0 0.644519 2.80361
1 0.5259 0.778685
2 1.30494 5.49779
3 0.51947 0.752989
4 1.38933 5.50108
5 0.480921 0.660638
6 1.32646 4.52092
7 0.64512 1.35156
8 1.30068 5.49721
9 0.517373 0.757537
10 1.38154 5.50035
11 0.483861 0.669097
12 1.38122 4.62776
13 0.538747 0.896374
14 1.39716 5.50071
15 0.454097 0.652036
16 1.36108 5.49911
17 0.489906 0.691389
18 1.31613 5.49715
19 0.52904 0.740817
20 1.46222 5.50294
21 0.450086 0.599803
22 1.39334 3.94853
23 0.558493 0.752609
24 1.46808 4.65756
25 0.535167 0.723365
26 1.43247 4.58579
27 0.511323 0.758181
28 1.35492 5.49803
29 0.455783 0.697499
30 1.34699 5.49757
31 0.523427 0.707064
32 1.41414 4.51872
33 0.533303 0.775065
34 1.39287 5.49916
35 0.488826 0.656651
36 1.46044 4.27484
37 0.515967 0.712184
38 1.40054 5.4992
39 0.496713 0.649732
40 1.28763 4.08473
41 0.665657 1.46013
42 1.34201 5.50205
43 0.479671 0.712464
44 1.19426 5.49592
45 0.645951 1.37454
46 1.35721 5.50239
47 0.485917 0.69597
48 1.30852 5.50028
49 0.488967 0.748968
50 1.24036 5.49738
51 0.563414 0.95414
52 1.33514 5.50108
53 0.477164 0.719812
54 1.31469 5.50012
55 0.499889 0.742368
56 1.31962 5.50018
57 0.487041 0.736802
58 1.31194 5.49973
59 0.54169 0.745926
60 1.3497 5.50112
61 0.500027 0.704225
62 1.31063 5.4994
63 0.506267 0.746801
64 1.4008 5.50292
65 0.443954 0.64922
66 1.34897 5.50068
67 0.492176 0.704852
68 1.31005 5.49897
69 0.488314 0.747109
70 1.25159 5.49645
71 0.555763 0.851741
72 1.33967 5.49989
73 0.48488 0.714813
74 1.39483 5.50199
75 0.457974 0.654417
76 1.33858 5.49957
77 0.489624 0.716028
78 1.32231 5.49877
79 0.523099 0.734189
80 1.43185 5.50308
81 0.454091 0.624349
82 1.39273 4.18821
83 0.535081 0.781786
84 1.41491 5.50212
85 0.470503 0.638121
86 1.4206 4.19442
87 0.508684 0.751625
88 1.4367 5.50273
89 0.432696 0.620108
90 1.36952 4.54082
91 0.579193 0.967092
92 1.36792 5.49966
93 0.494003 0.684052
94 1.38386 5.50017
95 0.468634 0.666336
96 1.42767 5.50181
97 0.441653 0.627407
98 1.37243 4.54209
99 0.605117 0.941694
100 1.37185 5.49927
101 0.488827 0.679629
102 1.40719 5.50057
103 0.48124 0.644314
104 1.35358 4.16332
105 0.593321 0.938998
106 1.42473 5.501
107 0.451576 0.629816
108 1.40551 4.3908
109 0.543267 0.778234
110 1.36819 5.49843
111 0.48587 0.683485
112 1.39262 5.49929
113 0.476021 0.656766
114 1.48728 4.55969
115 0.513077 0.697169
116 1.4635 4.55092
117 0.514819 0.722645
118 1.45271 5.50131
119 0.494139 0.607888
120 1.16879 3.63179
121 0.816677 2.09195
122 1.20633 3.76448
123 0.784186 1.88239
124 1.2748 3.85239
125 0.65733 1.34415
126 1.27781 5.49917
127 0.49575 0.782502
128 1.29863 5.49987
129 0.533503 0.760381
130 1.27823 5.49891
131 0.966777 5.77215
132 0.879659 3.62206
133 0.978707 5.77268
134 0.872667 3.50822
135 1.042 5.77613
136 0.78723 2.90261
137 0.971326 5.77198
138 0.838306 3.57686
139 0.975511 5.77207
140 0.870151 3.53825
141 1.03616 5.77537
142 0.794147 2.95825
143 1.00584 5.7735
144 0.781549 3.24609
145 1.04787 5.77574
146 0.740817 2.84463
147 1.02081 5.77407
148 0.809477 3.10463
149 0.987094 5.772
150 0.885987 3.42828
151 1.11958 4.68729
152 0.868194 3.37456
153 1.08545 5.7773
154 0.748299 2.48699
155 1.06755 5.77614
156 0.771344 2.65821
157 1.04551 5.77475
158 0.745434 2.86682
159 1.01619 5.77294
160 0.75456 3.146
161 1.01024 5.77245
162 0.868674 3.2069
163 1.05028 4.55027
164 0.957774 3.98106
165 1.04875 4.38623
166 0.98856 3.92023
167 1.02214 4.03035
168 0.961231 3.81725
169 1.01919 4.18816
170 1.02795 4.00604
171 0.874189 3.73768
172 0.961024 5.77464
173 0.889259 3.67897
174 0.984824 5.77585
175 0.756693 3.44706
176 0.960766 5.77433
177 0.899763 3.68167
178 1.01626 5.77734
179 0.778924 3.14866
180 0.964989 5.77429
181 0.815909 3.63788
182 0.984353 5.77524
183 0.846719 3.45481
184 0.971634 5.77437
185 0.854143 3.57604
186 0.993631 5.77548
187 0.821946 3.36537
188 0.973696 5.7742
189 0.849061 3.55605
190 1.07329 5.77971
191 0.709567 2.60278
192 1.03622 5.77746
193 0.748277 2.95701
194 1.00157 5.77535
195 0.858949 3.29096
196 0.978571 5.77391
197 0.865006 3.50995
198 1.01905 5.77606
199 0.775383 3.12122
200 0.965411 5.77287
201 0.82265 3.63323
202 1.01412 5.77549
203 0.800963 3.16896
204 0.992719 5.77413
205 0.870344 3.37522
206 1.03695 4.91368
207 0.986593 4.26172
208 1.00566 4.38996
209 0.987104 4.33534
210 1.06329 4.54262
211 0.980871 3.85573
212 0.969464 4.03713
213 1.03265 4.33012
214 0.960554 4.01659
215 1.0667 4.39613
216 0.940631 3.75647
217 1.05153 4.32566
218 0.910394 3.8297
219 1.07752 5.77786
220 0.681573 2.56049
221 1.00187 5.77342
222 0.82231 3.28552
223 1.02594 5.77464
224 0.814456 3.05621
225 1.03789 5.77518
226 0.768554 2.94061
227 1.07075 5.7769
228 0.701499 2.62542
229 1.00391 5.77296
230 0.864856 3.26747
231 1.05559 4.78285
232 0.981834 4.02868
233 1.02655 4.20323
234 0.991049 3.9493
235 0.95691 4.03292
236 1.0556 4.51029
237 0.987034 3.91516
238 0.958803 4.0372
239 1.04705 4.47698
240 0.972694 3.98209
241 1.0053 4.24298
242 1.00023 4.19233
243 1.01386 4.19068
244 0.986821 4.05772
245 1.05403 4.18579
246 0.944666 3.66752
247 1.03987 4.19751
248 0.947703 3.81453
249 1.08073 4.31723
250 0.978079 3.54535
251 0.86667 3.75293
252 0.969024 5.77509
253 0.846693 3.6011
254 0.989004 5.77608
255 0.847306 3.41092
256 0.988437 5.77591
257 0.803999 3.4145
258 0.944777 5.77328
259 0.886246 3.83314
260 1.04096 5.7786
261 0.722389 2.91134
